10000
0
1
2
4
5
7
7
8
9
11
14
15
16
17
18
20
21
22
22
23
23
23
26
27
28
29
30
35
37
40
40
41
41
43
43
44
47
48
50
52
53
55
61
62
63
64
65
66
71
71
71
73
76
78
79
79
81
83
87
91
93
93
95
95
96
98
100
101
101
101
102
103
104
104
105
106
107
108
108
108
109
113
113
113
114
117
119
119
119
120
121
121
121
122
124
124
125
126
127
128
128
130
133
136
137
139
140
140
140
141
142
144
145
146
146
150
151
151
151
152
152
158
158
161
161
166
172
173
180
181
181
186
186
188
193
194
196
199
199
199
199
199
203
204
206
208
208
208
209
209
211
212
212
213
213
214
214
215
216
222
224
224
225
227
228
229
230
231
232
234
234
236
237
237
239
239
242
242
242
243
243
246
247
248
249
249
250
251
252
253
258
261
262
262
262
262
264
265
272
274
275
280
282
283
283
284
284
285
287
287
288
288
289
290
292
296
298
298
300
301
301
304
307
309
311
313
314
317
319
319
319
320
322
330
330
333
337
338
338
340
340
342
342
347
349
349
351
351
354
354
359
359
361
361
363
364
365
366
367
371
372
373
374
376
376
379
382
384
384
385
385
385
390
391
392
392
393
394
394
395
400
400
400
403
403
404
408
408
409
409
411
411
414
414
415
416
419
421
421
422
426
428
429
429
430
430
431
431
434
435
436
436
439
440
442
444
445
446
448
449
449
450
450
450
451
454
454
454
457
457
458
463
467
468
469
469
469
471
473
473
473
474
475
476
478
480
481
481
482
484
485
485
485
485
486
486
490
490
494
494
495
497
497
500
501
502
506
507
510
513
514
519
520
525
528
529
532
533
535
535
536
536
537
538
541
543
543
544
545
547
548
551
552
554
556
556
558
563
564
566
570
573
574
575
576
577
578
578
580
581
583
583
584
585
586
586
589
590
590
590
592
592
594
597
600
601
603
604
607
607
610
620
621
622
624
626
627
631
632
634
637
638
638
639
639
640
642
645
648
649
651
651
655
656
657
657
659
659
661
663
669
669
670
670
671
673
673
674
675
677
678
678
678
678
678
679
680
680
681
683
684
687
688
688
689
689
690
692
692
693
695
696
701
701
704
704
705
706
707
707
708
709
710
711
711
711
714
716
716
716
717
718
718
719
722
725
725
726
727
728
730
731
732
733
734
734
737
737
738
739
740
742
742
751
753
754
754
755
757
759
760
762
762
763
764
766
767
767
768
768
776
777
779
779
781
782
783
788
788
789
789
791
791
794
796
796
797
805
807
808
808
809
810
813
813
814
817
817
818
822
824
824
825
828
831
832
836
841
843
844
844
846
846
846
847
851
851
852
854
859
860
861
862
863
864
865
866
867
874
880
881
882
882
883
885
885
886
887
889
891
891
891
891
892
892
894
895
902
904
905
906
906
907
907
909
911
912
912
914
922
926
930
932
932
934
937
937
938
940
942
943
945
946
947
948
949
949
949
950
950
951
951
952
952
953
953
957
958
959
960
961
962
969
972
973
976
977
978
979
979
979
984
985
987
989
992
995
997
997
1000
1000
1003
1007
1007
1008
1012
1012
1012
1020
1026
1026
1027
1028
1029
1030
1031
1031
1033
1035
1039
1040
1041
1041
1042
1044
1045
1049
1052
1059
1063
1066
1067
1067
1068
1072
1073
1073
1074
1074
1076
1078
1079
1080
1082
1085
1088
1089
1090
1095
1095
1097
1099
1102
1103
1103
1104
1108
1109
1109
1111
1113
1114
1118
1121
1122
1124
1126
1127
1127
1128
1128
1129
1130
1131
1134
1134
1134
1135
1137
1138
1141
1146
1146
1149
1151
1154
1156
1157
1158
1159
1159
1161
1161
1162
1162
1163
1164
1166
1166
1168
1169
1169
1170
1170
1171
1171
1173
1174
1175
1175
1176
1181
1181
1182
1185
1185
1187
1187
1188
1190
1191
1194
1194
1195
1197
1200
1201
1201
1205
1206
1206
1206
1209
1213
1215
1217
1219
1220
1220
1220
1221
1222
1223
1225
1225
1225
1227
1228
1228
1229
1230
1232
1239
1240
1240
1244
1244
1249
1254
1254
1255
1256
1258
1260
1262
1263
1267
1268
1268
1269
1271
1271
1272
1274
1275
1275
1277
1277
1278
1279
1280
1286
1288
1288
1290
1290
1293
1294
1295
1295
1303
1304
1305
1306
1310
1311
1311
1311
1315
1317
1318
1318
1318
1320
1323
1327
1328
1332
1332
1333
1335
1336
1337
1338
1339
1339
1341
1344
1345
1345
1346
1352
1355
1356
1359
1364
1364
1365
1367
1369
1371
1373
1374
1374
1376
1377
1379
1379
1379
1380
1381
1381
1382
1385
1388
1390
1393
1394
1398
1402
1404
1405
1409
1410
1412
1413
1415
1416
1418
1419
1423
1423
1423
1424
1425
1425
1426
1428
1432
1438
1438
1439
1439
1443
1444
1444
1446
1449
1451
1451
1451
1453
1453
1454
1456
1456
1458
1461
1464
1466
1467
1468
1469
1470
1473
1474
1474
1475
1475
1477
1477
1478
1479
1479
1480
1480
1483
1484
1486
1487
1490
1490
1491
1492
1492
1493
1494
1496
1498
1501
1502
1503
1506
1507
1508
1509
1510
1511
1511
1513
1521
1522
1522
1523
1523
1528
1530
1531
1532
1532
1533
1533
1533
1535
1537
1538
1539
1540
1541
1543
1544
1544
1544
1545
1546
1550
1550
1550
1554
1554
1556
1557
1558
1560
1561
1566
1567
1569
1570
1572
1574
1577
1577
1586
1587
1587
1591
1596
1596
1597
1597
1597
1599
1599
1600
1602
1603
1605
1608
1609
1610
1612
1612
1615
1615
1616
1616
1616
1619
1622
1622
1623
1626
1626
1627
1628
1629
1630
1630
1630
1633
1637
1642
1644
1646
1648
1649
1652
1654
1656
1659
1662
1666
1671
1673
1675
1677
1677
1679
1680
1681
1683
1685
1685
1690
1690
1691
1693
1693
1694
1694
1695
1699
1699
1703
1703
1705
1706
1709
1710
1716
1716
1719
1720
1721
1722
1722
1722
1723
1726
1726
1727
1729
1730
1731
1741
1743
1744
1745
1745
1747
1750
1751
1755
1755
1756
1756
1757
1761
1763
1764
1768
1769
1770
1771
1772
1774
1778
1779
1784
1787
1795
1796
1797
1800
1801
1801
1802
1804
1804
1805
1806
1808
1809
1809
1809
1813
1814
1814
1816
1816
1818
1819
1819
1820
1820
1822
1822
1826
1832
1835
1836
1837
1838
1840
1842
1842
1842
1843
1844
1848
1849
1858
1861
1861
1862
1863
1865
1867
1867
1869
1874
1875
1879
1882
1884
1885
1889
1891
1893
1894
1895
1896
1897
1897
1897
1898
1898
1904
1908
1908
1909
1909
1911
1913
1915
1916
1917
1923
1927
1928
1928
1930
1934
1935
1936
1937
1940
1940
1941
1941
1944
1944
1947
1949
1949
1949
1949
1950
1951
1956
1956
1961
1961
1961
1964
1966
1966
1967
1967
1967
1969
1969
1971
1971
1971
1971
1971
1972
1974
1974
1975
1979
1982
1982
1983
1987
1991
1993
1994
1995
1996
1997
1997
1998
1999
2000
2001
2001
2003
2005
2006
2006
2007
2008
2011
2012
2013
2015
2018
2019
2019
2020
2021
2023
2024
2026
2027
2028
2029
2034
2040
2041
2042
2043
2045
2047
2047
2053
2058
2059
2059
2060
2060
2062
2063
2065
2066
2067
2068
2071
2071
2072
2073
2073
2077
2078
2078
2079
2080
2080
2080
2082
2083
2085
2086
2086
2087
2090
2091
2093
2093
2094
2095
2096
2098
2098
2099
2102
2103
2105
2105
2105
2109
2111
2115
2118
2118
2119
2119
2119
2119
2119
2120
2121
2121
2124
2124
2128
2130
2131
2131
2132
2133
2134
2134
2135
2135
2135
2138
2140
2141
2143
2143
2144
2148
2149
2151
2152
2153
2153
2155
2156
2157
2158
2162
2166
2168
2169
2170
2170
2172
2172
2173
2173
2174
2175
2177
2179
2179
2179
2180
2183
2183
2184
2185
2185
2188
2189
2189
2190
2190
2193
2195
2195
2197
2198
2199
2200
2203
2205
2205
2207
2207
2208
2208
2208
2210
2213
2213
2214
2215
2215
2215
2216
2216
2218
2219
2220
2220
2222
2222
2223
2225
2225
2225
2227
2228
2232
2234
2234
2235
2235
2240
2240
2243
2245
2246
2246
2246
2248
2248
2249
2251
2256
2256
2257
2259
2259
2263
2264
2267
2268
2269
2273
2274
2276
2281
2281
2284
2285
2285
2286
2286
2290
2292
2295
2296
2298
2298
2300
2301
2302
2302
2302
2303
2303
2305
2306
2306
2307
2311
2312
2313
2314
2315
2317
2317
2318
2318
2318
2319
2322
2323
2326
2326
2326
2328
2330
2331
2333
2334
2336
2336
2338
2340
2347
2347
2347
2347
2347
2354
2358
2359
2359
2361
2361
2362
2362
2362
2366
2367
2370
2371
2373
2373
2377
2378
2379
2384
2385
2386
2387
2389
2389
2390
2393
2393
2394
2396
2398
2399
2399
2399
2401
2401
2402
2405
2406
2406
2407
2408
2409
2410
2410
2412
2415
2415
2416
2418
2420
2421
2425
2425
2427
2428
2428
2428
2428
2429
2432
2435
2435
2437
2438
2439
2442
2445
2447
2450
2452
2455
2457
2461
2461
2462
2464
2465
2466
2467
2472
2473
2473
2474
2476
2479
2481
2482
2484
2484
2485
2486
2487
2493
2493
2495
2496
2497
2499
2500
2500
2507
2510
2510
2514
2521
2525
2525
2527
2527
2527
2530
2532
2534
2535
2536
2538
2539
2539
2540
2541
2542
2543
2544
2545
2546
2546
2548
2550
2550
2551
2551
2551
2556
2556
2559
2561
2561
2561
2563
2563
2564
2564
2567
2571
2572
2576
2576
2580
2580
2580
2583
2585
2586
2587
2589
2589
2591
2591
2594
2595
2595
2597
2599
2600
2601
2601
2601
2604
2610
2611
2611
2612
2613
2616
2616
2616
2617
2618
2618
2618
2620
2623
2623
2623
2625
2627
2628
2630
2630
2633
2633
2636
2637
2638
2638
2638
2639
2642
2643
2644
2646
2647
2649
2649
2654
2658
2659
2664
2666
2668
2668
2669
2670
2671
2673
2680
2681
2683
2683
2684
2685
2685
2688
2691
2695
2697
2697
2698
2700
2701
2701
2702
2703
2705
2708
2708
2712
2713
2713
2714
2718
2719
2720
2723
2724
2724
2725
2726
2727
2728
2728
2729
2729
2731
2731
2731
2732
2738
2738
2740
2741
2742
2742
2745
2746
2747
2747
2753
2753
2757
2758
2760
2760
2761
2761
2762
2762
2763
2764
2765
2765
2766
2769
2770
2775
2779
2780
2780
2782
2783
2784
2785
2787
2788
2789
2790
2793
2794
2795
2798
2798
2799
2799
2801
2802
2804
2805
2806
2806
2807
2807
2808
2809
2810
2810
2811
2811
2811
2814
2814
2816
2817
2818
2823
2824
2825
2826
2829
2830
2831
2834
2834
2838
2839
2841
2843
2844
2846
2846
2847
2850
2850
2852
2855
2855
2858
2860
2865
2865
2871
2871
2872
2872
2873
2874
2876
2877
2878
2880
2881
2882
2888
2890
2892
2894
2896
2898
2899
2901
2901
2902
2906
2910
2911
2916
2917
2919
2920
2921
2922
2926
2926
2929
2930
2930
2930
2931
2932
2933
2934
2935
2935
2935
2937
2938
2938
2941
2941
2942
2942
2942
2942
2945
2945
2949
2952
2954
2955
2955
2956
2958
2960
2962
2963
2963
2963
2964
2967
2967
2969
2969
2970
2970
2971
2971
2972
2972
2975
2976
2976
2976
2977
2979
2980
2981
2983
2983
2983
2985
2985
2987
2987
2992
2993
2995
2996
3000
3001
3002
3002
3002
3003
3003
3004
3007
3007
3010
3011
3011
3011
3011
3016
3018
3020
3021
3022
3022
3025
3025
3025
3026
3027
3028
3029
3029
3031
3035
3036
3036
3040
3041
3041
3041
3042
3044
3047
3048
3049
3051
3051
3053
3054
3055
3056
3058
3059
3059
3062
3062
3064
3065
3066
3067
3071
3071
3074
3077
3081
3081
3082
3087
3088
3089
3089
3094
3094
3095
3097
3098
3100
3104
3105
3106
3111
3113
3114
3115
3115
3116
3118
3120
3120
3121
3124
3125
3126
3127
3127
3129
3130
3134
3135
3140
3142
3143
3143
3143
3143
3145
3145
3151
3152
3152
3153
3154
3155
3155
3156
3157
3158
3159
3162
3164
3165
3168
3170
3171
3177
3178
3179
3181
3185
3186
3188
3190
3191
3193
3196
3196
3198
3198
3201
3201
3203
3205
3206
3206
3207
3208
3211
3214
3215
3216
3224
3225
3226
3226
3227
3229
3231
3233
3237
3238
3242
3246
3246
3249
3251
3253
3256
3256
3257
3259
3261
3262
3262
3262
3263
3267
3267
3269
3274
3274
3275
3276
3277
3279
3279
3279
3280
3280
3287
3290
3290
3290
3290
3292
3293
3295
3295
3297
3298
3298
3301
3301
3302
3303
3306
3306
3307
3308
3310
3310
3311
3315
3317
3317
3319
3321
3322
3325
3329
3334
3340
3344
3344
3351
3356
3358
3358
3359
3359
3359
3361
3364
3366
3366
3367
3369
3370
3374
3375
3376
3376
3379
3384
3384
3385
3386
3386
3387
3388
3389
3391
3391
3391
3391
3395
3396
3396
3396
3397
3398
3398
3399
3400
3402
3402
3403
3404
3405
3408
3408
3409
3409
3414
3416
3417
3418
3418
3419
3421
3421
3422
3424
3425
3426
3430
3432
3435
3436
3436
3438
3441
3442
3443
3444
3445
3447
3449
3451
3454
3457
3457
3458
3459
3461
3464
3465
3467
3468
3468
3469
3469
3470
3473
3473
3475
3477
3481
3483
3485
3487
3487
3492
3493
3494
3495
3497
3500
3503
3505
3506
3506
3507
3507
3507
3508
3509
3509
3510
3520
3520
3521
3522
3522
3522
3527
3527
3527
3528
3528
3528
3532
3533
3533
3533
3535
3536
3536
3536
3539
3543
3544
3546
3548
3548
3549
3549
3552
3556
3559
3560
3561
3564
3564
3566
3566
3567
3571
3572
3579
3585
3585
3590
3591
3591
3592
3596
3597
3598
3602
3604
3604
3605
3605
3609
3611
3612
3613
3614
3614
3618
3618
3619
3620
3620
3620
3621
3626
3627
3630
3632
3632
3634
3634
3635
3636
3643
3645
3646
3647
3647
3649
3651
3651
3653
3656
3658
3660
3661
3661
3663
3667
3668
3670
3670
3670
3671
3673
3674
3676
3677
3677
3678
3678
3678
3679
3683
3686
3688
3688
3688
3689
3689
3690
3693
3694
3695
3695
3696
3698
3699
3700
3700
3703
3703
3705
3707
3708
3708
3708
3712
3712
3712
3715
3715
3718
3720
3720
3721
3722
3725
3727
3730
3730
3734
3734
3735
3735
3736
3737
3738
3741
3741
3745
3747
3751
3752
3753
3758
3759
3760
3760
3760
3761
3761
3761
3762
3766
3766
3767
3768
3772
3772
3773
3774
3775
3775
3777
3780
3780
3781
3781
3782
3783
3785
3787
3788
3790
3792
3793
3794
3795
3796
3798
3800
3803
3804
3804
3805
3809
3813
3813
3813
3815
3817
3818
3818
3818
3819
3821
3826
3830
3830
3833
3834
3836
3836
3843
3843
3847
3848
3851
3856
3857
3860
3864
3866
3867
3867
3871
3874
3874
3876
3879
3879
3880
3883
3885
3887
3887
3888
3888
3890
3893
3893
3894
3894
3898
3898
3900
3902
3903
3904
3905
3905
3905
3905
3907
3911
3913
3913
3914
3917
3919
3920
3921
3921
3922
3923
3924
3925
3926
3929
3930
3932
3935
3945
3945
3946
3947
3949
3949
3950
3951
3951
3953
3954
3955
3955
3955
3956
3960
3963
3963
3965
3965
3965
3965
3965
3965
3965
3966
3967
3967
3969
3971
3973
3973
3975
3978
3985
3990
3992
3993
3993
3996
3998
4001
4003
4004
4005
4007
4007
4011
4012
4012
4013
4014
4015
4016
4017
4018
4019
4022
4022
4022
4023
4026
4027
4028
4030
4030
4032
4034
4039
4041
4041
4042
4042
4042
4043
4048
4051
4052
4053
4053
4054
4055
4055
4060
4060
4061
4062
4062
4064
4065
4065
4066
4066
4069
4071
4071
4073
4073
4078
4078
4079
4080
4081
4083
4083
4083
4083
4086
4086
4087
4090
4091
4096
4097
4099
4099
4100
4102
4102
4102
4102
4104
4105
4105
4109
4110
4110
4111
4112
4112
4113
4114
4116
4120
4120
4120
4121
4122
4124
4127
4129
4131
4132
4132
4136
4137
4138
4138
4139
4139
4140
4141
4141
4142
4148
4149
4150
4152
4152
4154
4154
4156
4159
4160
4160
4167
4168
4174
4175
4176
4177
4178
4179
4181
4181
4182
4182
4186
4187
4190
4194
4194
4196
4198
4200
4201
4202
4203
4204
4208
4208
4210
4211
4212
4212
4213
4214
4218
4219
4220
4222
4223
4228
4228
4230
4234
4239
4242
4243
4245
4246
4248
4253
4254
4254
4254
4255
4257
4257
4258
4258
4265
4267
4268
4273
4273
4276
4282
4283
4284
4284
4285
4285
4288
4289
4290
4292
4293
4293
4295
4297
4298
4305
4305
4307
4311
4312
4314
4315
4316
4317
4318
4318
4318
4320
4322
4328
4329
4331
4331
4331
4333
4333
4333
4336
4337
4338
4338
4338
4339
4339
4344
4346
4348
4353
4355
4355
4356
4356
4358
4359
4360
4361
4361
4362
4363
4364
4365
4368
4368
4369
4370
4377
4378
4380
4382
4386
4387
4388
4390
4391
4393
4396
4396
4397
4399
4400
4401
4403
4404
4406
4407
4410
4412
4413
4413
4414
4415
4418
4419
4420
4420
4421
4424
4425
4426
4426
4429
4429
4430
4430
4431
4431
4431
4431
4433
4441
4441
4441
4443
4443
4443
4444
4446
4446
4451
4453
4453
4454
4457
4459
4460
4460
4463
4465
4465
4467
4467
4468
4469
4473
4474
4474
4480
4482
4482
4483
4483
4484
4486
4492
4494
4494
4497
4497
4502
4503
4503
4504
4506
4510
4513
4514
4514
4514
4519
4521
4522
4524
4526
4526
4528
4528
4534
4535
4538
4540
4541
4542
4544
4548
4548
4549
4551
4554
4555
4558
4558
4559
4559
4565
4566
4566
4568
4568
4570
4570
4571
4571
4577
4579
4579
4582
4583
4586
4587
4589
4590
4591
4592
4593
4594
4594
4594
4597
4598
4599
4599
4604
4604
4606
4606
4608
4614
4615
4619
4620
4620
4621
4622
4622
4623
4624
4625
4625
4626
4628
4628
4629
4630
4635
4635
4635
4635
4637
4637
4638
4641
4641
4641
4643
4645
4645
4646
4647
4647
4648
4651
4651
4653
4654
4661
4669
4670
4670
4670
4671
4674
4677
4677
4684
4688
4689
4690
4691
4692
4695
4695
4698
4699
4700
4701
4702
4703
4705
4708
4708
4711
4713
4714
4718
4718
4719
4721
4722
4723
4725
4726
4727
4728
4729
4730
4731
4732
4734
4737
4738
4739
4742
4742
4742
4743
4743
4748
4750
4750
4751
4753
4753
4754
4756
4756
4757
4760
4762
4764
4765
4767
4771
4773
4774
4776
4780
4782
4785
4785
4786
4789
4790
4793
4793
4793
4794
4797
4798
4800
4801
4803
4804
4805
4806
4808
4809
4811
4813
4813
4813
4814
4814
4815
4818
4819
4820
4825
4827
4828
4830
4836
4837
4837
4839
4840
4840
4844
4847
4849
4850
4855
4855
4855
4856
4857
4858
4860
4862
4862
4865
4865
4868
4869
4871
4873
4875
4875
4876
4880
4880
4884
4888
4889
4891
4894
4895
4897
4897
4898
4898
4904
4905
4907
4907
4907
4908
4911
4912
4914
4914
4914
4915
4916
4916
4922
4922
4923
4925
4928
4929
4930
4930
4931
4931
4932
4939
4942
4942
4944
4945
4945
4950
4952
4952
4955
4958
4960
4965
4967
4970
4970
4975
4977
4978
4980
4986
4986
4986
4988
4994
4999
4999
5000
5002
5005
5008
5010
5011
5016
5017
5021
5023
5024
5027
5028
5030
5031
5032
5034
5035
5038
5041
5041
5045
5046
5049
5050
5051
5052
5054
5059
5061
5062
5066
5068
5069
5069
5070
5070
5071
5074
5074
5076
5078
5079
5079
5082
5083
5084
5087
5088
5088
5090
5091
5093
5094
5095
5097
5100
5102
5104
5105
5106
5106
5106
5108
5108
5109
5110
5112
5113
5113
5116
5116
5117
5120
5121
5121
5126
5130
5133
5134
5138
5139
5140
5146
5147
5150
5151
5152
5152
5155
5155
5156
5156
5156
5158
5160
5160
5161
5163
5163
5163
5163
5164
5166
5168
5174
5176
5177
5179
5179
5182
5182
5184
5187
5189
5190
5190
5199
5202
5204
5205
5205
5208
5210
5212
5213
5214
5214
5223
5224
5224
5225
5225
5226
5227
5227
5228
5228
5228
5231
5231
5232
5232
5237
5237
5241
5242
5246
5246
5248
5249
5249
5251
5254
5256
5258
5262
5263
5264
5264
5267
5268
5268
5268
5269
5271
5271
5272
5273
5275
5276
5277
5280
5281
5281
5282
5282
5285
5285
5288
5288
5290
5291
5294
5294
5296
5300
5301
5301
5303
5303
5305
5310
5311
5311
5311
5312
5313
5314
5314
5314
5319
5320
5324
5325
5325
5327
5328
5329
5329
5331
5334
5337
5338
5341
5342
5342
5349
5352
5353
5354
5356
5357
5358
5363
5365
5365
5366
5367
5368
5368
5370
5370
5372
5373
5375
5377
5377
5377
5377
5379
5385
5388
5390
5391
5393
5395
5397
5400
5403
5404
5410
5417
5417
5419
5421
5421
5421
5422
5422
5422
5422
5422
5424
5424
5426
5429
5429
5430
5431
5431
5431
5435
5440
5441
5442
5445
5445
5446
5447
5448
5448
5450
5451
5451
5453
5454
5455
5455
5457
5457
5459
5460
5468
5470
5471
5473
5473
5474
5474
5474
5474
5475
5476
5479
5481
5482
5483
5487
5491
5492
5494
5495
5497
5499
5500
5500
5500
5501
5502
5506
5508
5510
5511
5513
5515
5523
5524
5526
5527
5529
5530
5531
5533
5535
5537
5537
5538
5540
5542
5542
5544
5544
5545
5546
5546
5549
5550
5551
5555
5558
5560
5560
5561
5565
5567
5568
5573
5576
5576
5578
5580
5581
5583
5585
5585
5585
5587
5588
5596
5596
5596
5597
5598
5599
5601
5602
5604
5606
5607
5608
5608
5609
5612
5615
5615
5617
5617
5617
5618
5619
5626
5627
5628
5628
5631
5634
5634
5639
5642
5644
5645
5645
5646
5647
5648
5648
5649
5649
5650
5655
5656
5657
5658
5663
5667
5667
5668
5669
5669
5675
5676
5678
5679
5680
5681
5685
5686
5686
5688
5689
5690
5691
5695
5698
5698
5699
5701
5704
5704
5707
5709
5710
5710
5710
5710
5712
5716
5717
5718
5718
5720
5722
5722
5722
5723
5727
5732
5739
5739
5740
5742
5743
5743
5744
5745
5745
5746
5752
5753
5754
5755
5757
5759
5761
5769
5771
5773
5777
5777
5780
5781
5783
5784
5784
5785
5786
5789
5791
5792
5792
5793
5793
5793
5793
5794
5794
5795
5795
5797
5799
5801
5802
5802
5803
5804
5804
5806
5808
5810
5810
5811
5812
5812
5812
5813
5820
5821
5823
5824
5827
5827
5827
5828
5830
5832
5833
5834
5838
5840
5841
5842
5843
5843
5844
5844
5845
5846
5847
5848
5856
5859
5860
5861
5862
5865
5867
5867
5869
5871
5876
5877
5877
5877
5878
5879
5881
5881
5882
5882
5882
5882
5884
5885
5886
5887
5888
5889
5892
5894
5898
5898
5899
5899
5900
5901
5903
5904
5905
5906
5906
5907
5908
5910
5910
5911
5911
5913
5913
5913
5916
5916
5917
5918
5919
5920
5922
5922
5922
5924
5926
5927
5929
5929
5934
5934
5934
5936
5936
5938
5941
5946
5949
5953
5954
5955
5957
5958
5961
5962
5963
5963
5964
5964
5964
5965
5965
5965
5966
5971
5973
5975
5977
5977
5978
5980
5982
5984
5984
5985
5986
5989
5989
5990
5991
5996
5997
6002
6005
6005
6007
6008
6009
6012
6012
6012
6015
6019
6020
6027
6028
6029
6030
6031
6031
6034
6041
6044
6044
6045
6046
6046
6046
6049
6051
6053
6053
6054
6054
6055
6058
6059
6060
6061
6064
6065
6065
6067
6070
6072
6076
6076
6079
6080
6080
6080
6081
6084
6086
6087
6088
6089
6090
6092
6093
6096
6100
6101
6101
6102
6102
6103
6103
6105
6109
6111
6111
6115
6116
6117
6117
6118
6120
6121
6123
6123
6124
6124
6126
6130
6132
6134
6137
6137
6138
6142
6144
6148
6151
6152
6154
6160
6162
6163
6166
6169
6169
6170
6170
6170
6174
6178
6179
6180
6181
6182
6182
6186
6188
6190
6190
6192
6194
6197
6198
6199
6200
6202
6204
6204
6207
6208
6209
6210
6211
6212
6213
6213
6216
6217
6218
6219
6220
6222
6222
6223
6224
6225
6228
6229
6231
6238
6240
6241
6242
6245
6247
6249
6252
6252
6253
6256
6258
6259
6259
6261
6261
6264
6267
6271
6272
6273
6275
6275
6275
6278
6279
6279
6279
6283
6288
6288
6290
6291
6293
6293
6295
6297
6299
6300
6301
6302
6302
6304
6305
6306
6308
6310
6312
6312
6316
6317
6319
6319
6320
6320
6321
6322
6323
6325
6325
6326
6326
6328
6329
6332
6334
6338
6339
6342
6343
6343
6343
6343
6346
6346
6348
6350
6350
6352
6353
6354
6354
6355
6355
6355
6357
6358
6364
6366
6366
6366
6369
6372
6373
6375
6375
6377
6378
6380
6382
6384
6384
6384
6386
6388
6388
6388
6390
6391
6395
6398
6399
6400
6401
6401
6402
6407
6408
6410
6410
6421
6423
6423
6424
6424
6432
6433
6435
6435
6436
6437
6440
6442
6442
6443
6447
6448
6449
6449
6452
6455
6459
6459
6462
6466
6468
6470
6470
6471
6471
6471
6472
6472
6472
6474
6475
6475
6477
6482
6482
6483
6487
6490
6495
6498
6503
6508
6508
6509
6513
6515
6515
6515
6516
6518
6519
6519
6519
6519
6521
6521
6521
6521
6522
6524
6524
6524
6526
6526
6529
6532
6533
6535
6537
6537
6538
6540
6540
6540
6540
6543
6548
6548
6548
6550
6551
6553
6553
6554
6555
6558
6560
6563
6564
6567
6568
6574
6575
6580
6581
6582
6584
6584
6584
6584
6586
6587
6587
6587
6594
6594
6594
6597
6597
6598
6599
6601
6601
6601
6602
6603
6603
6604
6604
6607
6608
6609
6612
6613
6614
6614
6616
6617
6620
6621
6622
6622
6627
6628
6634
6636
6636
6637
6638
6638
6639
6642
6647
6647
6648
6654
6654
6656
6656
6657
6658
6659
6659
6666
6666
6667
6668
6668
6672
6674
6676
6677
6679
6679
6680
6682
6683
6690
6691
6692
6693
6694
6696
6700
6704
6706
6709
6709
6713
6714
6716
6717
6717
6718
6719
6725
6726
6728
6731
6732
6732
6734
6734
6735
6735
6737
6738
6738
6739
6739
6740
6742
6744
6745
6746
6747
6748
6750
6754
6755
6757
6760
6760
6762
6762
6763
6765
6769
6770
6771
6771
6771
6772
6779
6780
6781
6783
6783
6783
6784
6786
6788
6790
6791
6796
6799
6800
6800
6801
6803
6806
6810
6811
6811
6812
6813
6814
6814
6815
6815
6821
6822
6822
6823
6824
6831
6832
6834
6834
6835
6836
6846
6848
6848
6850
6850
6851
6852
6857
6859
6860
6860
6861
6861
6862
6865
6866
6872
6876
6876
6876
6877
6880
6880
6882
6882
6883
6883
6884
6884
6888
6889
6889
6891
6891
6891
6892
6893
6893
6893
6896
6898
6899
6900
6900
6900
6900
6903
6903
6904
6905
6907
6907
6910
6911
6912
6914
6918
6919
6923
6924
6924
6925
6925
6927
6927
6928
6928
6930
6931
6933
6940
6941
6941
6942
6944
6946
6947
6947
6952
6953
6954
6954
6957
6959
6960
6962
6962
6963
6963
6963
6964
6964
6964
6968
6968
6971
6971
6972
6972
6973
6974
6976
6977
6981
6987
6987
6987
6988
6990
6991
6992
6996
6996
6996
6997
7003
7003
7004
7007
7009
7010
7010
7012
7016
7017
7017
7020
7022
7024
7025
7027
7027
7028
7032
7033
7039
7040
7040
7041
7041
7051
7057
7058
7058
7059
7061
7061
7063
7064
7065
7066
7068
7070
7071
7075
7075
7077
7078
7080
7084
7085
7086
7089
7091
7091
7091
7093
7094
7095
7099
7101
7102
7102
7102
7106
7106
7107
7107
7107
7107
7118
7119
7124
7125
7128
7129
7133
7133
7134
7134
7135
7137
7140
7141
7142
7143
7143
7146
7146
7147
7148
7148
7150
7151
7151
7152
7153
7155
7155
7158
7158
7159
7159
7161
7161
7162
7163
7166
7166
7166
7167
7169
7170
7170
7171
7171
7172
7172
7172
7173
7173
7174
7176
7176
7178
7180
7180
7182
7184
7185
7189
7190
7192
7193
7193
7195
7195
7197
7200
7204
7205
7206
7206
7211
7213
7214
7216
7218
7218
7218
7219
7221
7223
7223
7224
7225
7225
7227
7227
7229
7231
7233
7237
7237
7238
7240
7242
7244
7247
7248
7251
7254
7255
7260
7264
7265
7265
7266
7271
7271
7271
7272
7273
7274
7274
7275
7276
7277
7277
7278
7278
7279
7279
7283
7284
7284
7284
7287
7287
7288
7291
7291
7292
7293
7295
7295
7295
7296
7297
7298
7299
7300
7303
7303
7305
7305
7308
7308
7309
7309
7311
7314
7316
7317
7317
7318
7320
7321
7321
7321
7325
7328
7329
7329
7332
7333
7334
7336
7339
7340
7340
7342
7345
7349
7351
7355
7356
7356
7358
7359
7359
7359
7360
7362
7362
7362
7362
7363
7365
7365
7366
7367
7368
7370
7373
7374
7374
7375
7376
7378
7378
7378
7379
7379
7380
7380
7380
7381
7382
7383
7383
7383
7385
7385
7385
7386
7390
7392
7395
7396
7399
7400
7400
7402
7405
7405
7407
7409
7410
7410
7412
7412
7414
7416
7417
7418
7418
7418
7422
7425
7425
7429
7429
7430
7433
7434
7436
7438
7439
7440
7441
7444
7444
7446
7447
7448
7448
7450
7450
7457
7458
7464
7466
7468
7469
7469
7470
7471
7472
7474
7477
7480
7486
7488
7489
7490
7495
7497
7498
7498
7499
7502
7502
7503
7505
7505
7506
7509
7510
7511
7513
7514
7515
7516
7516
7516
7519
7519
7521
7524
7526
7530
7532
7533
7533
7533
7535
7536
7542
7542
7543
7544
7547
7549
7549
7550
7550
7554
7557
7561
7563
7566
7567
7571
7571
7572
7573
7578
7580
7580
7580
7583
7583
7586
7591
7592
7593
7593
7594
7594
7596
7599
7602
7603
7604
7607
7608
7608
7610
7613
7614
7615
7615
7617
7619
7621
7626
7631
7632
7633
7633
7633
7634
7635
7636
7637
7637
7639
7641
7642
7643
7646
7648
7648
7659
7659
7665
7670
7671
7671
7671
7673
7675
7678
7679
7682
7683
7685
7685
7688
7689
7689
7691
7693
7698
7700
7700
7703
7704
7704
7704
7707
7711
7712
7713
7716
7718
7718
7719
7719
7719
7721
7722
7726
7726
7728
7729
7730
7730
7734
7736
7737
7740
7740
7744
7746
7754
7757
7757
7759
7760
7764
7768
7768
7768
7769
7770
7772
7775
7779
7781
7782
7784
7787
7789
7790
7790
7791
7792
7793
7798
7798
7800
7804
7806
7806
7807
7808
7809
7810
7811
7814
7819
7821
7823
7823
7826
7830
7833
7834
7835
7835
7837
7837
7838
7839
7841
7841
7842
7843
7843
7844
7845
7846
7849
7849
7850
7850
7852
7853
7854
7855
7857
7858
7861
7863
7864
7865
7865
7866
7867
7867
7869
7869
7870
7870
7872
7874
7875
7875
7876
7877
7879
7880
7885
7885
7885
7886
7886
7887
7887
7888
7888
7890
7891
7893
7894
7896
7899
7900
7901
7903
7903
7903
7905
7908
7908
7908
7911
7911
7912
7913
7916
7917
7923
7923
7927
7929
7930
7930
7932
7934
7934
7936
7938
7942
7945
7946
7950
7952
7955
7960
7963
7964
7965
7970
7973
7973
7977
7981
7986
7991
7992
7993
7993
7995
7996
7998
8000
8002
8003
8004
8004
8005
8005
8007
8009
8012
8014
8015
8016
8017
8020
8022
8023
8023
8025
8026
8029
8029
8030
8031
8032
8033
8034
8036
8037
8038
8038
8039
8042
8044
8048
8049
8052
8055
8055
8057
8057
8057
8060
8060
8061
8061
8064
8065
8068
8072
8074
8075
8075
8077
8077
8078
8082
8085
8089
8089
8090
8091
8093
8095
8095
8101
8101
8101
8104
8104
8104
8105
8105
8105
8106
8106
8107
8107
8110
8114
8114
8116
8117
8117
8117
8118
8119
8119
8120
8122
8122
8122
8125
8128
8129
8130
8132
8133
8134
8135
8135
8135
8139
8140
8142
8147
8152
8154
8156
8157
8158
8160
8161
8164
8164
8164
8167
8168
8168
8168
8173
8175
8175
8176
8178
8180
8180
8182
8182
8183
8184
8185
8186
8188
8190
8191
8192
8192
8195
8201
8202
8203
8205
8205
8206
8207
8208
8209
8213
8215
8218
8218
8223
8223
8225
8226
8234
8234
8235
8235
8236
8238
8242
8243
8244
8244
8247
8249
8249
8249
8251
8253
8253
8254
8254
8254
8259
8261
8262
8262
8264
8266
8268
8268
8269
8271
8274
8274
8276
8277
8277
8278
8278
8280
8281
8282
8283
8284
8284
8287
8288
8289
8290
8291
8292
8292
8293
8294
8294
8294
8296
8297
8297
8298
8303
8304
8306
8310
8313
8314
8314
8317
8318
8318
8319
8319
8321
8323
8323
8326
8326
8326
8327
8330
8335
8337
8338
8340
8340
8342
8342
8346
8349
8349
8353
8354
8354
8355
8355
8359
8360
8361
8362
8363
8364
8367
8369
8370
8371
8372
8372
8373
8373
8374
8374
8379
8380
8381
8384
8385
8386
8387
8390
8390
8391
8393
8395
8396
8397
8399
8400
8403
8408
8409
8410
8411
8413
8414
8416
8418
8418
8418
8419
8420
8421
8423
8425
8425
8426
8427
8428
8430
8433
8434
8436
8436
8439
8442
8445
8445
8449
8450
8450
8450
8450
8453
8454
8454
8455
8455
8457
8457
8457
8458
8462
8464
8464
8465
8466
8466
8468
8469
8469
8470
8471
8473
8473
8475
8479
8480
8480
8480
8481
8481
8483
8486
8486
8488
8488
8488
8490
8492
8492
8493
8497
8498
8500
8500
8500
8504
8505
8506
8510
8511
8511
8514
8522
8525
8525
8528
8528
8529
8529
8529
8529
8533
8533
8537
8537
8537
8538
8543
8544
8545
8547
8548
8550
8551
8553
8555
8555
8559
8560
8563
8563
8565
8565
8567
8568
8570
8576
8577
8577
8578
8579
8580
8583
8585
8588
8588
8589
8590
8592
8595
8595
8599
8601
8604
8604
8605
8605
8606
8606
8608
8608
8608
8609
8610
8612
8614
8616
8617
8618
8621
8622
8622
8623
8624
8625
8625
8630
8632
8634
8635
8637
8639
8640
8641
8642
8643
8645
8645
8646
8650
8651
8656
8663
8663
8665
8667
8670
8671
8673
8673
8673
8675
8676
8677
8677
8679
8682
8683
8683
8688
8691
8692
8695
8696
8696
8698
8699
8704
8707
8708
8710
8711
8712
8715
8715
8716
8719
8719
8720
8721
8721
8722
8723
8725
8726
8726
8727
8728
8731
8734
8735
8737
8739
8740
8742
8743
8747
8748
8749
8749
8749
8749
8750
8751
8751
8753
8753
8754
8758
8759
8759
8762
8763
8766
8767
8769
8769
8769
8775
8776
8777
8777
8778
8779
8779
8783
8785
8788
8790
8791
8795
8795
8795
8795
8799
8803
8803
8807
8807
8809
8809
8810
8812
8813
8814
8816
8816
8819
8820
8821
8821
8822
8822
8823
8827
8831
8832
8835
8837
8840
8841
8841
8841
8842
8842
8845
8847
8847
8851
8851
8851
8853
8856
8856
8857
8858
8858
8858
8859
8862
8864
8864
8865
8867
8867
8868
8870
8873
8873
8874
8875
8877
8878
8880
8880
8882
8883
8883
8886
8888
8888
8890
8891
8892
8893
8895
8895
8897
8900
8901
8903
8904
8904
8906
8908
8909
8910
8913
8915
8918
8920
8921
8922
8925
8926
8926
8927
8929
8930
8931
8932
8933
8939
8939
8940
8942
8946
8946
8947
8948
8950
8950
8953
8954
8956
8956
8956
8956
8961
8961
8961
8962
8966
8967
8967
8968
8970
8974
8974
8975
8975
8976
8985
8986
8986
8987
8989
8995
8996
8997
8998
9000
9001
9003
9003
9004
9007
9011
9011
9012
9014
9015
9018
9019
9019
9021
9023
9024
9024
9025
9025
9027
9027
9030
9030
9030
9037
9037
9040
9040
9040
9043
9043
9044
9046
9049
9050
9050
9050
9052
9056
9056
9057
9057
9061
9061
9061
9066
9066
9071
9072
9073
9073
9075
9075
9077
9080
9084
9088
9088
9089
9091
9094
9095
9096
9096
9099
9101
9101
9104
9106
9107
9115
9116
9116
9117
9118
9118
9120
9123
9124
9127
9127
9128
9128
9133
9134
9135
9135
9136
9136
9138
9138
9140
9141
9142
9142
9143
9143
9144
9147
9147
9147
9148
9152
9154
9155
9157
9158
9161
9161
9163
9164
9164
9171
9174
9175
9178
9179
9180
9181
9182
9183
9183
9184
9185
9186
9186
9191
9194
9195
9195
9197
9200
9200
9200
9201
9202
9203
9205
9205
9205
9207
9208
9208
9212
9212
9212
9213
9213
9214
9217
9219
9221
9221
9222
9224
9226
9227
9230
9231
9231
9232
9234
9236
9237
9238
9238
9240
9242
9242
9244
9244
9244
9247
9248
9250
9250
9253
9254
9254
9254
9254
9258
9261
9262
9263
9265
9266
9267
9268
9268
9269
9271
9272
9272
9273
9276
9277
9278
9279
9282
9284
9285
9286
9286
9286
9286
9287
9293
9294
9295
9300
9303
9304
9304
9305
9308
9310
9311
9313
9315
9316
9319
9319
9327
9327
9329
9329
9330
9332
9332
9334
9336
9338
9339
9341
9342
9343
9346
9349
9351
9355
9357
9360
9365
9373
9373
9374
9375
9375
9375
9378
9379
9384
9384
9385
9385
9385
9386
9386
9389
9389
9391
9394
9394
9395
9396
9396
9397
9397
9400
9400
9401
9401
9403
9404
9404
9405
9406
9408
9410
9413
9413
9413
9418
9421
9422
9423
9424
9425
9426
9428
9429
9432
9432
9433
9436
9437
9438
9439
9440
9442
9444
9446
9451
9452
9453
9459
9461
9464
9470
9471
9473
9474
9475
9476
9477
9477
9478
9481
9482
9482
9483
9483
9484
9490
9490
9491
9493
9496
9497
9498
9499
9500
9501
9502
9502
9503
9504
9505
9505
9507
9510
9511
9515
9517
9517
9522
9524
9524
9524
9524
9525
9525
9529
9529
9532
9532
9532
9533
9537
9539
9540
9544
9545
9547
9548
9548
9548
9549
9552
9552
9555
9556
9562
9565
9567
9568
9568
9568
9570
9571
9572
9576
9576
9576
9578
9579
9581
9582
9582
9582
9583
9584
9585
9585
9586
9586
9587
9588
9588
9591
9591
9591
9593
9597
9599
9605
9605
9607
9607
9607
9609
9610
9614
9615
9618
9620
9622
9623
9623
9624
9627
9628
9628
9635
9636
9637
9639
9639
9641
9642
9642
9646
9647
9647
9649
9650
9650
9651
9652
9656
9657
9660
9663
9663
9663
9669
9675
9677
9678
9681
9685
9686
9686
9688
9688
9689
9690
9690
9691
9692
9693
9694
9697
9697
9698
9699
9700
9700
9701
9705
9705
9706
9708
9708
9710
9712
9715
9715
9716
9720
9720
9720
9722
9723
9724
9724
9725
9729
9731
9732
9734
9734
9736
9737
9739
9742
9745
9748
9748
9750
9751
9755
9757
9758
9759
9759
9763
9764
9765
9769
9771
9771
9771
9773
9773
9774
9775
9775
9775
9776
9777
9778
9779
9779
9781
9781
9781
9782
9783
9787
9787
9788
9792
9792
9792
9793
9794
9797
9798
9802
9803
9804
9807
9808
9809
9811
9818
9821
9824
9824
9824
9826
9827
9828
9828
9829
9832
9834
9838
9841
9842
9843
9843
9844
9845
9846
9851
9851
9852
9856
9856
9856
9856
9857
9857
9857
9857
9859
9863
9863
9869
9872
9873
9874
9876
9883
9886
9889
9891
9892
9897
9898
9898
9901
9902
9902
9903
9904
9908
9911
9912
9913
9917
9919
9921
9925
9926
9927
9928
9934
9935
9937
9938
9938
9940
9941
9941
9943
9945
9945
9950
9952
9953
9953
9954
9954
9955
9955
9956
9957
9957
9958
9962
9965
9966
9969
9969
9969
9973
9974
9974
9975
9975
9977
9977
9977
9979
9983
9984
9987
9987
9988
9989
9991
9992
9996
9996
9999
10000
10001
10003
10003
10003
10007
10008
10010
10012
10014
10014
10014
10016
10019
10021
10024
10024
10026
10028
10028
10033
10034
10035
10035
10036
10038
10040
10042
10044
10046
10046
10046
10047
10048
10050
10050
10051
10051
10054
10056
10056
10060
10062
10063
10067
10069
10069
10073
10074
10075
10078
10079
10079
10084
10085
10085
10088
10091
10091
10092
10094
10095
10095
10097
10098
10098
10101
10102
10102
10103
10103
10103
10104
10105
10109
10109
10110
10110
10110
10113
10113
10114
10115
10115
10118
10118
10119
10119
10121
10121
10122
10122
10124
10124
10124
10124
10126
10126
10127
10128
10132
10132
10133
10134
10138
10142
10143
10145
10147
10148
10149
10149
10151
10151
10153
10154
10155
10158
10160
10162
10164
10164
10165
10168
10169
10170
10171
10171
10174
10174
10175
10175
10178
10179
10179
10180
10180
10183
10185
10186
10186
10189
10189
10190
10190
10198
10199
10203
10204
10204
10205
10206
10207
10207
10207
10208
10208
10211
10212
10215
10216
10216
10218
10221
10221
10222
10227
10227
10228
10228
10230
10231
10232
10234
10234
10234
10235
10235
10238
10240
10241
10243
10244
10244
10245
10247
10247
10250
10251
10252
10256
10257
10258
10259
10260
10260
10261
10263
10263
10263
10265
10266
10266
10270
10272
10275
10276
10276
10277
10278
10278
10279
10280
10281
10282
10283
10285
10287
10287
10290
10290
10291
10293
10293
10298
10298
10300
10300
10301
10302
10306
10308
10309
10311
10312
10313
10314
10317
10317
10319
10319
10320
10320
10321
10322
10325
10326
10328
10331
10332
10333
10336
10336
10337
10340
10342
10343
10343
10344
10345
10350
10351
10351
10352
10360
10363
10366
10366
10369
10371
10371
10371
10372
10373
10375
10375
10375
10377
10378
10379
10379
10379
10381
10381
10381
10381
10382
10383
10385
10389
10391
10393
10394
10398
10399
10401
10401
10405
10405
10411
10414
10415
10415
10417
10419
10421
10423
10424
10428
10428
10429
10430
10437
10437
10437
10439
10441
10442
10444
10445
10446
10449
10449
10449
10451
10451
10454
10454
10456
10458
10459
10459
10461
10462
10464
10464
10465
10465
10467
10468
10470
10473
10477
10480
10480
10483
10484
10485
10485
10485
10486
10488
10491
10491
10491
10492
10492
10494
10494
10495
10496
10497
10498
10498
10499
10510
10510
10510
10511
10512
10513
10515
10515
10516
10517
10518
10519
10520
10521
10522
10522
10523
10523
10525
10526
10526
10526
10528
10532
10532
10533
10537
10537
10537
10537
10538
10539
10544
10545
10550
10552
10552
10553
10554
10554
10555
10555
10557
10558
10558
10560
10567
10568
10568
10568
10570
10571
10571
10571
10571
10573
10576
10579
10581
10582
10583
10584
10584
10585
10592
10592
10592
10599
10602
10606
10609
10609
10610
10611
10612
10614
10615
10616
10617
10618
10618
10618
10620
10623
10626
10626
10628
10630
10631
10631
10634
10635
10636
10637
10639
10640
10641
10641
10645
10645
10646
10648
10651
10653
10653
10653
10654
10658
10658
10659
10660
10661
10663
10663
10663
10664
10666
10674
10677
10682
10684
10685
10686
10686
10688
10688
10691
10691
10692
10693
10693
10694
10695
10695
10696
10698
10699
10700
10701
10701
10701
10705
10705
10705
10706
10707
10707
10709
10710
10711
10711
10716
10719
10721
10722
10725
10725
10725
10726
10728
10728
10729
10729
10731
10732
10733
10734
10736
10737
10738
10740
10740
10740
10742
10748
10751
10751
10752
10753
10754
10757
10758
10758
10759
10759
10760
10761
10761
10762
10763
10764
10764
10767
10768
10769
10770
10771
10773
10776
10779
10782
10795
10796
10799
10799
10800
10801
10802
10803
10804
10807
10807
10808
10809
10810
10810
10815
10818
10819
10819
10822
10827
10829
10833
10834
10835
10835
10836
10836
10837
10837
10841
10844
10848
10849
10850
10850
10851
10852
10853
10856
10859
10860
10861
10863
10863
10864
10866
10866
10868
10869
10871
10871
10871
10873
10874
10875
10876
10877
10880
10880
10883
10885
10886
10887
10888
10890
10891
10892
10893
10893
10893
10894
10896
10901
10902
10903
10904
10907
10909
10909
10910
10910
10911
10915
10916
10918
10919
10921
10921
10923
10927
10928
10929
10929
10929
10930
10930
10930
10932
10934
10936
10938
10942
10943
10943
10945
10946
10947
10949
10951
10957
10957
10958
10959
10960
10960
10960
10964
10969
10971
10976
10979
10979
10985
10987
10988
10988
10989
10990
10991
10992
10994
10994
10995
10996
10997
10998
11001
11001
11004
11010
11011
11013
11013
11015
11015
11015
11015
11016
11019
11019
11020
11020
11021
11024
11028
11028
11029
11030
11030
11031
11037
11041
11041
11044
11044
11045
11046
11050
11050
11053
11055
11056
11056
11056
11063
11063
11067
11067
11067
11067
11070
11072
11080
11082
11083
11084
11085
11087
11088
11088
11090
11092
11096
11096
11097
11099
11099
11101
11103
11104
11104
11104
11104
11106
11109
11110
11111
11113
11114
11115
11118
11121
11122
11123
11124
11125
11129
11131
11132
11133
11133
11134
11134
11135
11144
11145
11148
11148
11156
11162
11163
11163
11166
11170
11171
11172
11176
11177
11178
11179
11180
11180
11181
11182
11182
11189
11191
11191
11192
11192
11193
11193
11194
11195
11196
11196
11198
11199
11204
11208
11209
11212
11214
11215
11216
11218
11219
11219
11221
11224
11225
11226
11231
11232
11232
11233
11236
11236
11236
11238
11239
11239
11239
11239
11243
11247
11248
11249
11251
11251
11252
11252
11253
11254
11256
11258
11260
11260
11261
11263
11266
11266
11269
11269
11273
11274
11277
11278
11279
11280
11280
11282
11286
11288
11288
11289
11289
11290
11292
11294
11294
11295
11299
11299
11299
11304
11305
11305
11306
11306
11306
11307
11317
11319
11322
11323
11326
11326
11326
11327
11329
11330
11332
11334
11336
11336
11339
11340
11340
11341
11343
11343
11345
11347
11348
11350
11350
11350
11355
11361
11362
11362
11364
11365
11366
11367
11368
11371
11372
11377
11378
11382
11391
11392
11392
11393
11393
11396
11398
11398
11400
11400
11402
11402
11402
11405
11406
11407
11408
11410
11410
11412
11412
11413
11413
11413
11419
11420
11421
11421
11424
11425
11426
11427
11432
11434
11434
11435
11435
11438
11440
11440
11442
11443
11443
11445
11449
11450
11450
11450
11451
11451
11451
11454
11456
11458
11459
11460
11462
11463
11465
11465
11467
11468
11468
11468
11470
11471
11473
11474
11475
11481
11482
11488
11488
11489
11489
11490
11491
11492
11499
11502
11502
11503
11505
11507
11507
11508
11512
11512
11512
11512
11515
11518
11520
11521
11524
11527
11528
11530
11530
11530
11530
11530
11532
11532
11533
11535
11535
11544
11545
11546
11548
11549
11550
11551
11552
11553
11554
11556
11557
11561
11561
11561
11562
11562
11563
11563
11565
11569
11569
11569
11570
11574
11574
11576
11581
11581
11583
11584
11586
11587
11587
11588
11591
11593
11596
11598
11599
11603
11603
11606
11609
11612
11614
11616
11616
11617
11617
11617
11618
11618
11619
11620
11621
11623
11625
11630
11631
11632
11632
11634
11634
11636
11639
11639
11640
11641
11642
11644
11645
11646
11646
11647
11647
11647
11648
11651
11652
11658
11658
11659
11659
11660
11660
11661
11662
11664
11664
11666
11670
11672
11672
11673
11676
11677
11679
11683
11684
11685
11686
11687
11688
11688
11690
11690
11690
11691
11692
11693
11695
11698
11699
11700
11702
11702
11703
11705
11706
11707
11708
11710
11712
11712
11712
11713
11714
11717
11718
11719
11720
11721
11723
11724
11724
11726
11730
11732
11733
11733
11736
11738
11742
11743
11743
11743
11744
11747
11747
11747
11748
11751
11752
11755
11759
11762
11763
11764
11764
11765
11765
11766
11767
11768
11769
11769
11769
11769
11771
11771
11771
11771
11773
11773
11780
11781
11782
11785
11787
11788
11788
11790
11792
11792
11794
11794
11794
11795
11795
11799
11799
11800
11800
11801
11804
11808
11812
11816
11818
11818
11820
11822
11822
11824
11824
11824
11824
11827
11828
11828
11828
11829
11829
11829
11830
11830
11831
11831
11831
11831
11832
11833
11833
11837
11837
11837
11838
11840
11842
11843
11844
11846
11847
11849
11850
11852
11853
11854
11855
11857
11858
11861
11862
11867
11868
11868
11869
11869
11872
11874
11875
11876
11877
11877
11881
11882
11883
11883
11885
11885
11887
11892
11893
11895
11895
11896
11897
11897
11899
11900
11903
11907
11908
11909
11909
11909
11910
11910
11915
11917
11922
11922
11925
11929
11929
11930
11931
11937
11938
11938
11939
11941
11941
11942
11943
11945
11946
11949
11950
11951
11953
11954
11956
11958
11958
11958
11958
11960
11960
11961
11962
11962
11964
11964
11966
11968
11970
11971
11971
11972
11972
11973
11975
11980
11981
11981
11983
11985
11988
11988
11990
11990
11990
11991
11992
11997
11997
11998
11999
12000
12003
12003
12005
12006
12006
12008
12010
12011
12012
12013
12014
12016
12019
12023
12027
12028
12029
12030
12030
12030
12031
12032
12037
12041
12043
12043
12045
12046
12046
12048
12049
12049
12050
12052
12052
12052
12054
12054
12057
12060
12063
12064
12067
12069
12074
12075
12076
12077
12079
12081
12082
12084
12085
12085
12085
12085
12087
12089
12089
12091
12093
12094
12095
12099
12100
12100
12103
12104
12104
12105
12106
12106
12107
12109
12109
12110
12111
12111
12112
12113
12113
12114
12117
12119
12123
12124
12126
12126
12130
12133
12134
12135
12135
12136
12138
12139
12140
12142
12144
12144
12144
12145
12145
12147
12147
12147
12149
12150
12150
12152
12156
12157
12159
12163
12166
12167
12169
12173
12175
12179
12180
12181
12182
12185
12185
12187
12189
12189
12190
12190
12192
12193
12197
12197
12197
12199
12200
12200
12202
12205
12209
12217
12219
12221
12221
12224
12225
12226
12227
12231
12235
12235
12238
12239
12239
12241
12244
12244
12245
12246
12246
12246
12251
12251
12254
12255
12257
12261
12264
12267
12268
12269
12269
12270
12270
12273
12278
12279
12282
12285
12285
12290
12292
12294
12294
12294
12296
12298
12298
12299
12300
12301
12302
12303
12305
12305
12307
12308
12310
12310
12313
12317
12319
12324
12324
12325
12329
12331
12331
12332
12332
12333
12333
12336
12338
12340
12342
12345
12349
12352
12353
12353
12354
12354
12354
12354
12354
12355
12355
12356
12358
12360
12361
12362
12363
12363
12364
12365
12367
12368
12369
12371
12372
12373
12379
12380
12381
12383
12387
12388
12389
12391
12392
12394
12400
12400
12401
12403
12404
12405
12405
12405
12406
12406
12407
12407
12409
12409
12413
12416
12417
12419
12421
12421
12422
12424
12427
12429
12431
12431
12434
12434
12437
12440
12440
12442
12442
12443
12444
12445
12449
12449
12449
12450
12450
12454
12454
12456
12458
12458
12459
12463
12463
12466
12468
12468
12471
12475
12476
12477
12478
12480
12481
12484
12485
12486
12489
12494
12497
12498
12501
12501
12503
12503
12504
12504
12504
12505
12507
12507
12509
12509
12509
12512
12513
12515
12516
12519
12520
12525
12525
12526
12526
12526
12526
12528
12528
12528
12528
12528
12529
12531
12534
12543
12544
12545
12546
12550
12551
12554
12557
12557
12557
12557
12560
12561
12566
12568
12568
12570
12571
12571
12572
12573
12576
12576
12579
12580
12581
12581
12581
12585
12587
12587
12588
12592
12594
12598
12598
12598
12599
12599
12600
12605
12607
12608
12608
12610
12611
12612
12615
12615
12616
12622
12623
12625
12626
12628
12628
12629
12630
12632
12633
12638
12638
12639
12641
12642
12643
12644
12646
12650
12653
12655
12657
12657
12658
12658
12660
12663
12663
12670
12671
12673
12674
12674
12675
12677
12679
12679
12681
12681
12683
12683
12683
12684
12686
12687
12691
12693
12693
12693
12693
12694
12695
12700
12700
12701
12704
12705
12705
12706
12708
12711
12712
12713
12713
12721
12723
12726
12727
12730
12732
12732
12736
12736
12738
12740
12741
12743
12744
12746
12749
12749
12749
12750
12751
12751
12752
12753
12754
12758
12759
12761
12762
12763
12764
12766
12767
12767
12767
12772
12775
12776
12777
12778
12779
12781
12781
12782
12783
12783
12784
12786
12788
12788
12789
12790
12791
12792
12795
12797
12802
12804
12804
12805
12807
12811
12814
12814
12815
12815
12817
12818
12818
12820
12820
12821
12823
12825
12826
12828
12828
12832
12833
12833
12835
12835
12837
12840
12841
12842
12844
12844
12845
12850
12852
12852
12856
12857
12859
12869
12874
12876
12878
12879
12881
12882
12882
12882
12884
12885
12885
12888
12890
12891
12893
12895
12896
12897
12900
12901
12903
12904
12904
12906
12907
12909
12909
12912
12913
12913
12915
12916
12917
12917
12918
12919
12923
12926
12926
12926
12927
12928
12934
12934
12937
12937
12939
12940
12944
12946
12946
12946
12947
12948
12948
12953
12954
12956
12956
12958
12961
12966
12967
12968
12968
12972
12974
12978
12979
12979
12982
12983
12985
12985
12988
12988
12990
12990
12990
12992
12994
12995
12996
12996
12997
12998
12999
13001
13001
13003
13004
13007
13008
13009
13009
13010
13011
13015
13020
13021
13021
13024
13025
13027
13028
13030
13031
13036
13038
13038
13040
13042
13045
13045
13047
13048
13048
13048
13049
13050
13053
13056
13057
13060
13060
13062
13062
13063
13064
13064
13066
13067
13068
13070
13073
13075
13076
13076
13077
13078
13079
13079
13079
13080
13082
13083
13083
13084
13085
13086
13086
13087
13087
13089
13089
13092
13093
13093
13096
13096
13100
13101
13101
13101
13101
13101
13103
13103
13104
13105
13106
13110
13110
13111
13111
13114
13115
13116
13116
13120
13121
13123
13126
13126
13130
13130
13133
13134
13134
13134
13136
13136
13137
13137
13140
13141
13141
13141
13141
13142
13143
13143
13143
13143
13150
13151
13152
13152
13153
13154
13154
13155
13156
13156
13157
13158
13159
13161
13163
13165
13168
13168
13168
13169
13169
13171
13176
13176
13177
13178
13178
13180
13180
13182
13184
13187
13187
13188
13189
13189
13190
13191
13191
13193
13195
13195
13197
13198
13198
13202
13204
13204
13205
13207
13207
13208
13209
13211
13212
13213
13215
13218
13219
13219
13220
13222
13223
13224
13226
13227
13228
13229
13229
13231
13233
13235
13236
13236
13237
13241
13243
13246
13250
13251
13252
13252
13252
13253
13253
13256
13256
13256
13259
13259
13259
13262
13264
13266
13268
13269
13269
13273
13277
13277
13277
13280
13283
13283
13285
13285
13287
13289
13289
13292
13293
13295
13296
13297
13299
13302
13302
13303
13303
13303
13304
13304
13305
13307
13307
13307
13307
13309
13309
13310
13312
13313
13314
13314
13318
13318
13318
13320
13320
13321
13321
13322
13323
13323
13324
13324
13325
13326
13327
13330
13331
13333
13334
13335
13337
13340
13341
13346
13346
13346
13347
13350
13354
13357
13357
13358
13358
13362
13362
13363
13365
13368
13370
13373
13373
13376
13378
13384
13387
13387
13389
13392
13395
13397
13399
13400
13401
13411
13413
13413
13414
13414
13416
13416
13419
13420
13421
13422
13423
13423
13424
13426
13427
13430
13432
13434
13434
13436
13437
13438
13441
13442
13446
13447
13449
13449
13450
13452
13455
13455
13455
13456
13458
13459
13460
13462
13462
13464
13466
13469
13470
13475
13476
13476
13481
13481
13483
13485
13487
13488
13496
13503
13503
13506
13507
13510
13510
13511
13511
13514
13514
13515
13517
13518
13520
13520
13522
13523
13528
13530
13533
13533
13534
13535
13535
13537
13540
13544
13545
13546
13546
13549
13549
13550
13551
13551
13557
13558
13561
13561
13563
13563
13563
13566
13574
13578
13579
13579
13585
13588
13588
13589
13590
13590
13591
13591
13593
13595
13596
13601
13602
13603
13606
13609
13614
13616
13619
13619
13620
13620
13623
13623
13625
13625
13627
13629
13630
13630
13632
13636
13636
13636
13638
13639
13639
13642
13644
13645
13645
13646
13646
13648
13651
13653
13654
13655
13655
13658
13658
13659
13663
13665
13666
13666
13667
13668
13668
13668
13671
13672
13673
13674
13674
13676
13676
13676
13677
13677
13677
13678
13678
13680
13681
13684
13684
13685
13686
13687
13687
13688
13689
13690
13695
13697
13699
13703
13703
13704
13704
13706
13706
13706
13706
13707
13708
13709
13710
13710
13711
13716
13717
13720
13721
13722
13723
13723
13724
13724
13728
13729
13729
13729
13730
13730
13730
13730
13733
13734
13741
13743
13746
13746
13747
13750
13751
13756
13758
13759
13759
13759
13765
13767
13768
13768
13770
13770
13771
13772
13778
13787
13788
13791
13791
13797
13799
13799
13799
13799
13799
13799
13800
13800
13803
13803
13805
13806
13807
13808
13810
13812
13813
13814
13815
13817
13821
13826
13827
13828
13831
13832
13832
13832
13833
13833
13835
13836
13837
13837
13839
13840
13843
13843
13845
13846
13848
13849
13849
13849
13854
13854
13855
13856
13857
13858
13858
13859
13860
13860
13861
13861
13864
13864
13869
13871
13872
13874
13875
13876
13877
13878
13880
13882
13882
13884
13885
13887
13892
13893
13893
13894
13901
13901
13902
13903
13903
13907
13909
13915
13917
13917
13920
13920
13923
13925
13926
13929
13930
13933
13934
13934
13939
13940
13940
13943
13943
13944
13944
13945
13946
13946
13952
13953
13953
13953
13959
13960
13961
13961
13961
13964
13964
13965
13965
13968
13969
13970
13970
13970
13973
13976
13976
13978
13979
13980
13985
13987
13989
13989
13991
13991
13994
13994
13994
13997
13998
14000
14001
14002
14002
14003
14004
14005
14005
14005
14007
14007
14009
14012
14018
14019
14019
14028
14032
14033
14044
14044
14044
14045
14045
14046
14046
14047
14048
14048
14048
14054
14056
14058
14058
14059
14061
14063
14063
14067
14069
14071
14075
14077
14080
14082
14082
14083
14086
14089
14089
14089
14090
14097
14101
14101
14102
14103
14107
14108
14109
14110
14110
14111
14114
14115
14116
14117
14117
14121
14126
14126
14128
14132
14133
14133
14134
14134
14134
14135
14136
14137
14138
14139
14139
14142
14142
14143
14146
14147
14147
14148
14151
14152
14153
14154
14155
14155
14155
14156
14159
14159
14160
14161
14162
14163
14163
14164
14165
14165
14165
14167
14173
14174
14175
14175
14179
14181
14185
14185
14189
14192
14194
14196
14196
14197
14198
14198
14202
14204
14205
14205
14205
14205
14207
14207
14214
14217
14219
14221
14222
14222
14224
14224
14225
14227
14227
14229
14229
14231
14233
14236
14236
14237
14238
14239
14240
14241
14242
14242
14242
14244
14246
14246
14248
14249
14249
14249
14251
14253
14254
14256
14263
14263
14264
14274
14275
14277
14280
14289
14290
14290
14291
14291
14296
14297
14297
14298
14305
14305
14305
14306
14306
14307
14310
14312
14312
14312
14313
14314
14317
14319
14321
14321
14324
14324
14328
14329
14330
14330
14330
14331
14331
14331
14337
14337
14342
14342
14343
14344
14346
14348
14348
14348
14348
14348
14350
14355
14364
14366
14367
14368
14370
14371
14374
14375
14376
14376
14376
14378
14380
14382
14383
14385
14385
14388
14392
14393
14396
14397
14399
14399
14400
14401
14402
14404
14405
14409
14412
14414
14414
14415
14415
14417
14418
14418
14419
14420
14420
14420
14422
14422
14432
14433
14438
14439
14440
14440
14440
14442
14443
14445
14446
14453
14453
14455
14455
14456
14456
14459
14461
14462
14464
14465
14465
14469
14469
14472
14474
14477
14479
14481
14481
14483
14485
14490
14493
14494
14497
14500
14503
14506
14507
14509
14511
14512
14513
14515
14516
14518
14518
14518
14521
14522
14522
14522
14522
14523
14523
14525
14525
14528
14531
14532
14532
14535
14538
14540
14540
14541
14542
14544
14547
14551
14552
14556
14557
14560
14562
14564
14566
14567
14568
14569
14572
14573
14573
14573
14573
14574
14576
14577
14578
14579
14581
14581
14582
14585
14586
14587
14588
14589
14594
14596
14596
14596
14597
14597
14597
14599
14602
14602
14603
14605
14607
14610
14610
14612
14613
14616
14617
14617
14621
14622
14623
14623
14624
14626
14629
14630
14630
14632
14632
14633
14634
14638
14639
14640
14640
14643
14643
14645
14647
14647
14647
14647
14649
14649
14649
14649
14651
14651
14653
14653
14655
14657
14657
14659
14660
14665
14668
14670
14671
14674
14677
14678
14680
14682
14684
14685
14688
14688
14688
14689
14691
14692
14693
14696
14696
14698
14700
14701
14703
14704
14705
14708
14708
14709
14709
14710
14711
14711
14713
14715
14716
14718
14718
14719
14720
14720
14720
14724
14725
14726
14726
14732
14733
14735
14737
14738
14740
14740
14741
14741
14744
14749
14750
14751
14752
14752
14752
14755
14756
14758
14759
14760
14764
14768
14769
14770
14771
14771
14774
14774
14775
14776
14776
14778
14781
14781
14782
14784
14785
14786
14790
14792
14793
14793
14793
14794
14794
14794
14795
14796
14796
14801
14802
14804
14807
14809
14809
14815
14816
14816
14818
14823
14826
14827
14830
14830
14830
14831
14832
14834
14834
14836
14841
14841
14841
14845
14847
14850
14851
14852
14853
14854
14858
14858
14859
14861
14861
14861
14865
14869
14871
14871
14872
14872
14873
14873
14873
14874
14878
14880
14880
14881
14882
14883
14883
14883
14884
14885
14887
14890
14891
14891
14894
14895
14896
14896
14899
14899
14899
14900
14901
14903
14903
14903
14905
14906
14906
14910
14914
14916
14916
14917
14918
14918
14920
14920
14925
14926
14928
14929
14930
14931
14932
14932
14933
14936
14936
14937
14938
14940
14940
14940
14942
14942
14943
14946
14948
14950
14950
14951
14952
14952
14953
14954
14957
14958
14960
14961
14961
14962
14962
14963
14964
14966
14969
14969
14969
14970
14970
14973
14974
14980
14980
14981
14982
14982
14982
14985
14989
14989
14991
14991
14991
14991
14994
14994
14994
14994
14995
14996
14997
