10000
7808
2976
7359
1404
10008
1035
887
4120
2199
11690
10533
12767
14623
14033
13413
5710
13075
5821
8691
3903
14296
4042
6636
1675
11861
2284
2814
6941
6279
4528
13318
9339
4194
3397
11123
8249
4873
11759
13292
3605
730
8835
10731
7271
10051
10752
13723
5540
6924
6987
14305
8665
3047
13623
3708
8014
11020
12255
13446
2642
10132
14974
14240
10616
2152
6242
478
14370
5941
14873
6907
11606
564
8168
4555
5373
3677
4060
8319
9374
1377
10464
6735
5780
1904
6526
7929
13320
1492
12916
12693
8877
13262
13934
4703
13215
7106
4102
2793
9439
1951
6679
10815
8294
4293
5113
9902
2589
12197
3417
2876
6388
14148
6865
6852
2172
12658
12379
14574
11943
12840
14693
11614
8975
6822
976
8488
8293
5537
11876
10614
11420
6821
3747
5269
4053
76
12294
6575
12224
6962
9491
2371
10558
5117
1336
3698
14751
2466
4743
12598
3307
14244
10942
7171
4541
12478
2109
2831
9164
4223
9471
11623
13233
9781
4112
13978
14305
5568
8426
8338
12052
224
11355
3016
1869
626
1146
3134
3559
3676
9984
5474
9652
4083
5526
10464
1723
430
4978
4136
10171
8167
13907
7434
9286
7488
6750
1344
11751
9088
885
5447
1819
2215
2780
1556
9883
14740
5430
710
13772
13259
5431
7916
13734
6848
12885
8072
2347
10308
6105
11450
4606
4914
11972
3967
13885
6477
13322
9261
12775
4348
13861
10105
6378
11551
8940
9599
659
12946
3375
2256
11703
1706
1220
7020
11808
7356
1843
11877
3535
5106
4762
12368
4722
12857
8588
13003
11182
7977
13765
8185
416
4868
3926
8414
8101
11683
1012
7017
5865
6971
7685
11631
1159
7505
8135
5524
5248
1089
11990
12628
4849
4255
9474
47
11554
8867
2225
2747
6130
6249
5847
10449
3168
5631
6987
14906
3358
8585
12573
5271
11833
525
10634
13115
9775
11214
7365
4109
2013
7746
7869
7166
10462
2556
11323
11443
3089
3062
12767
2500
14653
1221
677
14562
4942
10485
14110
6604
1997
6760
12413
9418
5254
1648
2330
8640
5722
8948
13517
12992
600
7305
1122
1271
2926
8158
9901
7033
8568
108
6690
9582
8133
12407
1328
10795
10519
1240
1991
2377
13901
9483
4669
4960
6900
8077
2119
5084
284
9957
161
7821
4847
1521
8673
1693
14936
6065
14198
12968
2941
3678
8563
5531
6515
693
3781
9161
13973
2128
13427
9436
6291
5538
14147
9401
6264
13998
3798
809
4830
14280
3867
14474
14568
7498
3703
2479
7770
11583
7670
9425
8837
10860
6735
5984
7567
10459
9394
12713
12966
851
384
10819
9952
5377
2628
3225
14982
14760
6613
11685
2001
14961
13857
14535
4396
718
535
14089
12786
14552
12006
13994
4945
5232
13207
1602
4179
14402
4210
12187
13677
8276
3955
13837
2493
7632
10118
8847
14102
9195
1787
6739
12856
2317
12759
10186
2362
1480
2020
14841
4181
4930
891
1949
1898
13111
12644
11070
8974
10069
8340
11738
2779
13333
2683
2303
3955
14647
7439
14878
11743
3344
13289
10228
8777
11080
13946
9088
6719
6470
9615
3720
10661
181
7571
4594
359
6329
14597
7726
14802
2975
7853
3051
2761
5599
11872
3208
6275
14274
4514
6259
1726
7227
10705
6518
10371
1755
661
1181
2323
5656
846
3298
14152
6432
3905
12152
3561
10836
14101
4042
12064
11843
5242
10104
9024
13462
6535
8178
10038
3041
4320
6343
11459
4314
3257
11368
6771
6925
8107
12173
9722
14393
14414
2770
7155
7233
11295
12996
5156
727
5843
1944
2168
5429
4257
1928
11518
14718
10377
6521
2429
2373
585
8292
11180
7025
1451
3468
5617
1456
9584
14249
1683
373
8284
8468
13674
6061
2015
11790
8731
1188
14048
10454
13031
2888
10835
8290
5422
1928
6954
6513
13882
9205
14784
2373
2697
11945
3303
13970
10921
5370
14523
7849
12063
7142
14464
11679
9950
7841
2753
3028
3256
14613
6543
3700
4637
4468
8737
2195
3459
5062
5311
1531
5718
13021
8330
14709
9342
14659
8372
7561
12150
2428
14720
14506
7376
12166
4880
6495
14004
4160
2170
9477
3409
1820
9124
4083
2135
11326
1935
14237
93
121
6117
8254
5030
12752
5867
12571
6388
8122
12845
10337
8783
5648
3364
7648
4142
2435
2543
10373
12967
11799
4315
7158
6594
1288
10190
6019
3528
4213
3572
12503
5100
9852
13086
2850
14175
7152
1673
7704
4708
9774
13387
14321
7184
2313
2691
7614
7163
11673
13459
5050
880
9583
13373
6437
13668
222
6088
11465
4041
5334
4857
9242
3871
7151
9373
1908
7489
7659
6942
2205
2326
9315
12526
10062
12354
533
12767
11992
6835
13159
5325
2024
10822
12585
11475
5827
2798
2871
9851
3658
8130
3894
3965
11853
1479
6471
9755
4805
13724
9803
3215
2240
3155
11997
2738
2610
6231
10084
3670
7533
14982
3143
10247
5352
5794
467
3158
11603
9329
597
142
3262
8093
309
6668
3715
8277
12298
9401
7309
13729
10126
1451
3224
9385
9605
7383
8367
2399
11083
9238
10325
13064
11647
14162
7867
13767
14749
14991
3171
13970
10892
13362
13759
5228
1835
12041
14378
11574
7204
13256
10218
9940
2215
8749
5727
6900
6261
657
10198
13722
3376
640
11695
2809
1750
11569
14792
4293
3975
10810
4674
7071
4311
337
8004
13876
8118
3301
9977
96
10782
3408
5320
603
9782
8416
13101
4774
14224
11145
7140
4737
11991
10381
5199
13687
8015
13729
813
10375
5977
607
620
12797
9505
8864
8492
14044
13347
11690
12997
2389
14994
13578
9254
11443
3836
1359
4590
13178
1209
14048
11192
9975
8057
2542
12110
11336
8030
4444
14385
2616
9582
5612
11330
6836
6924
9071
2572
8577
1709
6326
12915
3071
10168
9587
5156
627
8986
2956
705
5311
7993
2713
14994
5609
8105
11634
11488
2766
529
3036
5761
301
8323
7412
11909
2021
12825
10885
4785
751
2366
4243
7051
12477
2649
8795
6166
10314
3673
1814
14061
11503
12948
3618
2726
9444
12285
4994
5301
2347
2041
12926
13045
12691
2890
7295
5390
5859
10439
14696
5474
11938
14329
13614
11829
731
1126
8555
11938
2616
14469
11662
10943
12821
3106
13667
11832
10024
3145
2246
9588
4620
10654
8510
7707
14297
12227
11922
14248
3203
4328
7418
14376
12749
14110
9202
14192
10287
13387
1956
1220
1627
3794
3509
3522
12301
12159
882
2600
14853
1318
10449
10091
11941
8007
11968
6366
12828
11950
9142
13049
11661
8323
5645
12113
6060
5341
9700
9892
11644
13373
5224
13869
4069
4743
10568
11744
6121
2955
10113
1757
1456
9231
10405
8009
5882
14005
13187
13318
11512
9524
8618
12683
8464
3761
9451
2601
7722
10776
12449
10215
11013
742
1030
7872
10606
906
9084
4202
5884
952
757
10645
1680
14446
5792
4726
904
6398
6299
12303
10801
5474
844
2561
13540
4599
4865
14409
11236
8720
14306
5417
7430
10444
8688
3753
13346
12431
9637
10757
3292
14135
11639
6654
12713
1756
13943
4760
10183
13009
6738
10880
4399
3473
14109
8360
13619
3000
14312
10189
13189
7429
4014
11238
11372
9732
10628
8439
1267
1479
13636
10430
7636
8225
2806
6490
2731
3492
8319
6186
8637
1182
1995
12296
14566
2314
9788
10764
1997
333
7946
6647
5356
232
4403
3238
841
7572
1756
11769
9453
14007
2093
3432
3391
14816
354
6612
2742
10016
13747
5898
9208
2130
494
3506
2697
12842
14067
13111
8454
10523
9316
4443
9459
4782
13964
7875
55
66
2527
3237
14147
13606
9660
151
8469
5585
1569
10526
10725
1894
14058
12820
12179
11279
2098
8893
14602
1040
490
4916
9023
5795
5160
8735
544
14573
10484
3671
2591
13930
7549
8132
2969
12837
11966
13110
8553
419
5989
9821
2189
3954
791
11196
8060
8175
7091
10483
4922
10333
3760
11840
2461
14809
13304
5069
5542
3688
11563
12190
12006
11557
8036
6919
3632
11850
678
10050
3890
14422
3290
12791
7719
2630
4840
480
9987
3384
822
5249
12269
1600
2190
367
10581
14242
14980
14439
14794
669
13330
953
12657
2336
10759
4141
5709
4078
6084
6813
10336
12626
5475
12308
6861
11408
3188
13676
4647
10270
2439
2409
2666
9856
4043
13520
439
13666
733
5523
4535
12449
1994
13076
8683
1000
9158
485
203
11691
6070
12990
10653
5457
10121
3118
13030
13176
4369
7010
12268
10040
4322
12181
3813
3718
5907
2251
1365
12598
11587
2507
8164
10133
2093
11686
8264
11953
8967
3913
4338
8715
4137
13994
8799
14254
9266
7472
3626
1983
11971
10909
3426
12638
3020
481
6353
13141
7040
2338
11971
14059
12079
7617
8651
9219
6555
4731
14703
6229
1806
5109
11521
5508
10000
3856
8317
9764
1629
1800
13813
10243
10902
8471
8373
5138
10119
6328
14415
9104
400
14873
9977
283
8362
14344
11640
3833
12197
10552
4338
6889
6784
13706
796
3356
3947
3804
5268
2846
2007
11028
7719
12679
8492
688
208
13639
8202
10987
11768
13859
14291
13878
14688
14569
8721
7480
13730
7863
3049
5689
7908
2144
11252
10379
9155
7659
9397
6972
11398
14418
1191
14738
2298
6012
7172
7509
7646
7146
13658
7436
272
12468
287
5319
673
11660
10473
6475
4698
3089
243
10014
4159
11530
14392
5225
14776
4139
8005
14063
104
12754
2208
11178
1982
13252
14075
1591
6872
14647
810
3634
11131
9771
2669
12331
7370
2259
11362
513
5190
8450
12383
11292
1468
8956
5205
4030
10910
10060
7095
10351
9247
3064
8278
390
2839
1388
7772
10637
14861
11983
3715
7875
9073
7192
87
4219
8147
2333
2060
10205
8190
7557
6399
5597
8269
1109
8116
836
9254
12429
351
7382
13350
9254
12906
10208
2153
1393
3276
3098
2216
13574
1797
11765
9250
8807
4066
8612
6801
10864
8296
7135
3879
3735
6918
6700
8457
14816
13080
4459
4150
13062
9686
6783
1156
10557
11895
13346
8601
7101
6519
13307
4484
594
9426
1545
563
7583
5919
2026
5237
9807
9389
2805
6375
4268
5701
6053
10276
7143
586
5966
5963
5753
10875
12305
2878
5752
10691
11489
11115
9171
13920
7166
22
14241
10252
4718
8842
14236
12947
9285
794
11471
4446
2865
2811
1690
8318
11177
11129
7075
12776
6716
14160
11958
8656
7754
5017
2804
10465
9700
3164
13101
10517
9341
3741
632
13523
5910
1103
12000
14003
9332
14903
1770
9138
5965
8105
2894
4329
8287
6163
5417
6582
8037
14873
13089
8074
7264
2131
10886
199
6081
1444
11329
1168
6903
7134
10207
4916
7366
11545
194
9792
10869
2389
11563
3405
11099
6031
13800
7153
2616
3025
2169
10124
2763
1496
10366
3389
13154
5329
8809
3760
6241
5163
5619
9040
1801
8122
12732
7
5838
9043
14143
3564
8413
8314
12099
1729
854
181
6190
7679
10850
11641
13989
5546
9027
8589
5041
65
767
678
10171
8205
12885
3386
8901
7533
13256
27
5429
2259
4390
10437
4911
5231
11658
8692
10048
2387
14895
9464
13805
9384
12069
2399
4626
14670
7864
4110
10799
2179
2303
4140
14938
9222
1230
1814
4571
14961
8117
3424
13295
8841
9440
10485
8511
2527
12084
10571
5052
2922
4497
5743
7896
3170
14366
6567
13799
4931
3261
10930
2302
11191
8274
13620
11299
2156
6923
8642
716
8946
5256
10234
5474
12387
3216
10178
14397
3874
6931
3993
1533
13141
122
392
5812
7903
11046
13717
7375
11574
7244
1171
6093
10761
7287
5158
11762
1104
2551
4198
6138
12307
11050
9697
4253
7469
7170
5958
13086
1913
1280
13060
717
8888
1467
6366
4156
11837
7789
11975
5441
10868
12193
10773
3457
5500
2028
912
12050
8779
5294
14083
11491
2462
5646
11639
14167
6648
13551
14512
9217
12480
4599
7336
5793
8605
5102
8785
8031
3152
5934
2811
3062
5794
13218
8930
10468
5068
7147
2193
6903
13253
14790
1795
2992
586
2003
8961
14716
4905
13325
3425
8711
10733
13273
8281
7119
14752
10760
1705
13961
768
2318
4480
12878
10257
2916
10095
11788
5130
9505
6811
6170
1605
10014
867
6200
5506
9859
12909
10261
6123
13563
2354
7869
5214
4751
1290
11524
4410
946
6346
10379
11956
431
14246
6020
3269
14605
14573
6204
10658
7128
3533
12145
1438
6734
10804
4204
12904
5608
2937
14525
1279
1809
9482
13627
7094
12815
8023
8592
14154
8625
2958
8259
8213
10345
10446
2979
12405
10485
14852
3129
3229
1558
13964
14058
11854
128
11532
14937
1540
6375
1550
14932
12974
12270
15
3400
11822
13100
5808
8505
13305
12663
5986
8740
914
5975
711
12192
3536
3898
10003
6587
6103
7438
551
2638
11001
10174
2264
8895
11828
8719
5904
13488
7849
10075
907
3329
12142
4670
6503
248
12167
12560
14645
11489
10054
9075
1157
8297
1941
2394
340
5699
5544
215
10429
10799
8996
11434
2561
9532
14991
5608
14705
3766
4124
9969
140
7798
4242
5879
1381
9432
5712
9808
4239
10829
7368
173
13688
6317
1109
12953
949
11684
12049
3966
4318
13137
10949
13826
1532
1103
13253
10537
1722
11432
12200
14116
7395
10979
8106
6521
8052
8218
13843
14142
5133
6642
6526
11719
13114
10263
4615
10759
8858
3301
570
9052
8089
5965
12835
4661
10228
4721
9778
1413
14
7718
7810
9691
14445
14655
3369
11900
2102
5655
1897
7526
4181
11371
2276
6044
9400
4809
1419
639
6522
12360
755
13855
12679
7200
10118
4651
4594
9987
10763
5368
5602
11391
6992
12100
14602
7362
12076
9424
7176
14181
11299
4003
14400
1345
7085
14440
10151
10554
13176
7846
8865
6638
10001
12708
12900
5251
11892
5404
5962
10085
10467
4425
707
14903
6964
11103
3760
10207
8778
1063
7613
3898
4750
9476
9641
7932
12581
6223
3003
5481
12615
146
11468
5470
5426
574
11104
5070
12954
9522
7474
12988
9404
4930
11191
8364
1484
10222
2465
9759
3011
2474
6893
6636
6067
48
1244
696
14204
5639
10069
10415
14007
13310
7713
14134
12156
11182
13591
3120
14159
2817
8725
4677
13277
13636
1597
12235
7757
9540
8500
13464
2760
9771
2901
6900
1622
12450
3647
13047
2534
1896
11785
469
3707
7182
12526
14222
14005
9928
14916
4388
8355
7068
1385
11215
1128
10127
7148
14578
14685
6483
6786
9011
6814
9517
2810
4356
119
6996
5155
10320
8238
9135
13103
12638
14082
11421
1654
2920
7273
11288
14080
4888
5492
10285
7466
13671
14263
8511
6197
638
11973
100
6256
7218
1327
3887
11707
959
7594
3274
3422
11907
5913
12030
8142
14871
13917
11219
3857
4646
6519
12279
11887
4808
3677
234
4925
3295
5922
3699
2668
1961
3461
9552
7811
14082
4482
9446
9336
4818
11490
9690
5377
3618
13849
10803
5497
6717
4801
7554
13699
4380
9327
3907
9040
3773
7070
53
2281
5095
11189
8727
8998
3031
1163
589
8750
8326
4922
11700
7172
7271
11163
7718
11712
8129
10698
528
8384
14841
125
8856
10930
8813
3231
21
5567
14219
1998
8543
1129
3487
351
2981
2000
4331
13849
14331
10498
14404
7596
10701
9227
3054
5813
5783
8622
2243
7278
10626
14089
3279
14896
8853
12238
11015
4570
9262
3067
2995
12392
2954
6308
9186
10331
6288
13989
2105
2496
11410
13189
3007
7610
4884
5964
4577
8845
9025
242
2902
2285
13917
4794
6312
7345
13720
9327
5804
13309
13178
3670
13126
13759
556
1947
5074
2700
3960
11535
3366
8095
8841
7908
8707
7912
11520
9610
11260
1364
7359
692
14455
7952
1612
4856
8676
5277
10360
8000
14544
7197
485
10951
9851
13157
6252
8751
12332
2807
11499
7227
1879
13224
12641
3002
2318
8525
13458
12909
6848
3074
4764
9024
1258
1426
6891
8022
6524
7091
754
10461
637
11101
783
265
311
11398
6747
2172
12751
14726
2180
1074
12587
12904
2685
10844
13994
14962
13831
7457
12331
6352
3843
3130
862
2118
9183
9585
7547
11764
14764
10398
10770
10532
2370
1335
3124
10639
8758
8291
979
1897
6046
5290
10976
6169
11366
2223
701
4554
2099
13285
7093
13940
10630
4413
10278
9605
4288
12163
5035
13685
319
11449
10659
12081
14872
1690
5634
8528
11584
5213
2535
6182
1507
5331
5773
10019
8397
9571
2546
12317
11714
10918
2421
2930
3696
11317
5964
1710
5363
5739
2428
6732
3679
12440
11958
3040
12934
2183
372
10102
8453
10499
11041
253
5005
8120
6086
14233
6252
11307
6981
11617
365
3651
779
6622
1166
13602
12833
12907
11565
13169
2963
2140
13476
9164
5740
8820
10705
14207
13939
8614
14899
3620
14089
5342
1511
10033
5588
11204
2742
11530
12251
10663
1076
11617
10688
12712
11019
3651
10726
6102
9147
10663
12653
1779
4904
3162
3544
2190
8419
5268
14901
7077
9334
8243
4091
14985
14018
3614
2347
2393
5560
14343
7908
8117
2597
12835
1337
5949
6475
2406
6449
977
3848
3290
11109
9856
4880
2633
13746
12463
5421
7225
9161
8956
14221
13116
4284
4276
14522
1474
12876
11664
3366
7429
3751
4819
6190
8788
14227
9622
4988
1415
10260
12695
12124
12610
14328
947
4267
2996
14511
5841
10568
8488
14905
1134
8986
2544
4368
231
2215
1623
11067
5163
10442
8679
1026
10618
4254
12261
4876
12859
8595
6305
71
3201
4630
11915
9677
2564
6876
12416
13589
1067
2399
8486
9657
9675
6034
14793
13252
13116
10532
4285
13423
14420
14691
8168
10256
4060
14639
8029
9765
12612
1528
7237
6584
6616
5451
2296
9148
5856
4725
8298
8632
10693
11688
9991
11818
684
12421
1190
11274
6683
7080
12700
1927
9294
1477
12202
3402
5237
392
13001
11677
4187
8442
1390
1225
13297
13313
11219
13677
11588
6322
3836
6258
3457
10021
8247
1320
11788
454
6997
1544
3998
4214
2701
9244
576
8728
8795
13991
330
14704
13277
7225
5936
4579
1339
4641
14114
13083
10880
208
10959
7866
2011
7700
8395
11896
11438
10710
13943
12119
9934
14438
13130
14560
14887
14256
13506
12294
1554
11084
14399
6628
1470
2484
9917
13666
13551
7027
6126
3125
12979
12937
12743
11400
1149
6988
5147
8427
14002
8390
1159
361
3205
1537
12525
1842
6435
8380
7792
10298
3297
13384
8956
2497
12814
14861
6914
8469
3619
13828
10073
12085
7206
5791
536
6319
3792
7934
8164
10190
7151
543
9019
5031
2620
1272
13800
3179
3506
1099
14962
2758
14117
7321
8522
14607
14151
14348
9061
400
14134
5881
8563
13365
11097
3505
6343
10494
11421
14542
4065
6031
252
13042
14525
199
11724
2684
6900
11599
9046
11144
3920
1508
716
8832
10802
14883
12937
2437
4105
2782
8399
13303
12406
3815
3922
9044
4359
1837
2559
13854
8236
13424
14610
12503
3689
14455
3370
5812
1381
10957
1439
11247
5093
6814
14916
11942
8822
5258
8895
8528
937
361
9809
7448
3398
12300
892
2274
4970
5882
4022
13854
1867
10848
14046
10051
2361
13152
5596
9049
14136
13296
10932
12239
12828
1840
9783
2658
6706
922
6213
4875
5110
8055
9163
13845
6718
9529
7834
4542
5789
11104
3737
10134
6103
5911
2541
2295
9244
8374
12727
12711
4028
14653
3145
10584
1371
13807
5246
5877
1134
3905
5491
8055
9585
4116
469
2207
7383
6188
11998
8262
7566
1764
296
8465
1909
6584
403
4895
3965
7446
10866
14861
10571
10764
10340
6658
5285
14688
7498
3930
9549
9221
9011
9524
12197
519
342
1755
11533
3694
5843
7041
1007
5495
10128
13902
12979
9200
10511
7683
12978
6823
10379
14028
14173
5448
3310
12504
11909
6603
6857
9106
11949
1546
6424
2521
14453
10510
2318
6253
13020
10454
5784
12134
6800
7857
2580
12896
8012
7603
624
14126
5663
1121
9937
1473
2935
5494
4836
6771
11044
8473
14045
7169
11072
9408
9996
11239
8379
12811
2286
13079
2067
6905
2445
979
14995
14630
1244
9481
6498
10623
2406
10092
1498
12762
14509
7392
1694
9872
408
2790
2591
12525
434
7022
3242
9279
7637
13293
6182
4433
9493
2708
3507
2082
14576
10985
7716
4789
3143
403
6783
8722
9138
11609
1535
6054
9203
2119
6866
8671
9422
7102
547
4670
12354
9537
3880
1971
5228
10035
4944
1341
767
6533
10459
4358
12504
7804
11647
3705
12600
13703
11304
2205
3143
7519
9212
9856
12706
7386
8624
6893
5342
4283
8373
4196
5607
2066
9731
2105
3647
5710
11642
12501
4701
10369
10132
3436
12049
9265
3904
4019
10946
852
6717
13304
7205
14490
13455
580
11332
13808
11113
590
2059
12278
9953
11530
9956
10250
10212
14586
4007
9736
9385
7433
8609
4619
13709
5916
1466
14649
12623
13064
30
6421
9539
12406
158
6850
9548
6472
14858
7276
952
12199
7308
11929
4641
13987
5537
5718
14688
3256
2729
13706
12023
7017
5301
4177
1510
1453
8559
2601
7374
3493
5500
12091
6672
864
10736
11458
12498
0
1822
12686
3041
8268
12302
13704
10175
2794
4346
13980
2208
12400
9773
12546
10751
35
11820
6120
10437
1138
3605
12270
14156
13447
9650
2872
13864
13161
8061
14054
2671
2563
11767
4628
6947
1240
14461
6834
9620
394
14926
4593
12958
5695
1999
7887
12551
8433
10740
9912
9624
3059
13530
4292
8342
8152
3152
1355
10028
7998
4254
10279
2720
4042
2008
11299
4958
7309
8864
10336
12674
7422
13654
1506
7380
11393
5871
843
9576
7367
13729
8570
239
5457
11450
3874
11468
14224
9413
6516
10276
6659
4168
11603
4898
13008
12815
3851
13915
14355
2623
13632
314
2047
7137
581
10711
8184
1249
558
5187
10861
9152
8180
11931
3011
9208
14596
2336
151
11406
722
9410
3280
12389
1898
2418
1158
12014
6657
5445
7409
1544
9856
13651
1432
9432
5810
13009
12616
2234
7469
583
13414
9582
11239
9181
9040
9962
10332
11502
10893
2738
14317
1820
4400
5501
13544
11269
13302
14433
5106
8910
725
5156
814
7390
9724
11852
14521
5338
14097
14462
283
932
8641
8303
5913
41
945
12913
9272
10537
14579
8645
3621
9568
11251
12781
6968
2901
2245
10263
6551
7279
7058
2415
11454
10149
3114
10992
4336
8340
2701
2638
4582
2538
8608
2892
9027
10837
12607
3683
11050
10748
3421
12944
7458
763
8857
9357
7009
4228
8762
2762
2053
7277
10234
1475
3761
11092
8203
4441
14312
216
1310
1861
458
7960
229
3055
8208
9938
9373
13401
13470
1223
4100
7503
3761
1703
13331
4426
11104
2143
1278
8160
3921
3385
12677
9101
11532
2788
8017
14465
3674
6213
10866
2326
844
3566
8254
6346
1364
11664
13549
14313
10636
10272
7891
1608
4005
2783
12788
2408
2938
13704
2124
3181
9565
14069
5280
8244
13875
805
7665
7726
4587
4928
14538
535
2532
5161
18
475
3048
385
4454
8617
2636
4460
9927
1315
5454
5606
13884
3445
103
4062
1863
2216
13411
6320
7410
9501
5502
8551
2668
14807
1745
2712
13024
4568
4333
11199
14581
8176
9096
9663
7010
6027
9623
12221
9276
13864
9797
11556
4041
11419
106
9263
12749
1915
12494
2246
10560
12917
8483
1726
2930
1007
1511
13202
9609
2551
1225
3612
14019
11838
11960
3334
10928
943
5648
4318
9642
1971
2983
1490
9438
7129
40
13815
4551
5555
6509
7162
10957
1805
12117
1275
12784
14414
5905
8918
846
545
8119
6008
4860
8933
14229
8643
11562
11736
5079
8529
13929
11742
1171
7641
12085
6882
11396
14518
13177
1480
14940
10808
10871
10958
9651
1239
2625
5989
3115
12442
4568
4700
10553
14865
10964
5078
7691
10576
1626
4127
3695
9794
11163
7593
6941
1453
9293
10706
2525
13399
9147
2121
7619
7450
7542
2659
12365
71
3396
737
11897
5300
482
13198
10921
11402
9921
12572
1703
13515
11508
7418
8883
4786
6783
9397
7719
6101
6029
7621
14890
9689
12340
9663
5024
11273
13690
12928
6666
9720
5546
8280
5971
5113
11869
6812
6928
590
6325
5120
4316
14297
2874
7730
5388
11842
9117
1961
13010
11780
2499
12144
490
4218
11874
5116
1923
429
10162
14516
3082
7339
7231
13858
14733
13340
11698
13481
7819
1550
7066
11196
5936
7065
680
5618
6261
11451
5041
12917
9221
10204
9966
2718
6584
14942
4148
8235
3990
9925
11549
11752
4382
13979
43
14826
2133
10692
3953
1867
8634
8065
12449
13169
1228
10164
8226
11625
2269
451
14720
5628
13236
2040
6540
695
4591
120
4699
8025
2473
5777
12982
5212
3267
1175
4460
1478
108
8775
1596
6124
10063
3018
5046
8967
3494
3251
12417
11877
4030
13231
5887
5166
501
113
9957
14375
2746
13969
14165
14854
8939
7843
342
2472
3725
1274
14032
3591
3867
4443
10936
3780
926
9179
5000
3590
2987
4467
1778
14564
2132
13550
5395
10381
5881
10343
14950
2246
13346
7986
5422
12726
7173
9253
4793
5249
12850
1374
1082
330
11962
11110
4365
105
14920
13728
5957
4869
11794
678
6472
13163
13645
6273
9750
12628
2732
7671
8349
14263
10686
6410
1127
865
13096
4404
7173
14133
3817
6763
2899
11269
1996
14885
2882
6354
10074
2115
11726
11733
10971
2769
3649
9988
2527
6553
12145
4353
13653
5140
7514
6204
1745
14964
655
4975
6212
10887
2105
12011
13821
5393
12528
4814
1028
11125
12458
11941
10737
14630
7440
3708
4022
2184
3945
2983
8779
7513
6925
1975
6745
9579
4429
12528
4102
4931
11056
6320
7970
10122
11548
8873
10927
9305
14485
6275
2972
6584
10528
10067
10186
12592
6384
13430
1206
4629
3949
10245
9876
4129
14086
12349
4453
5377
5179
12045
13153
1201
3319
6893
6459
13623
1268
832
2218
4506
13535
8903
3094
5906
3745
14930
2931
14724
1616
7950
14573
3115
9030
2311
10688
2871
10158
1949
2594
2932
8883
14931
2855
11347
14966
11855
7425
9572
12205
5784
8719
454
13089
4526
14617
3510
8068
11133
13630
1543
2612
9212
5421
9007
11122
6080
11829
5929
4598
8715
1633
1031
9237
9511
13741
12723
6560
578
11410
11801
13246
7516
4114
10372
2993
7091
9775
98
9556
11218
5527
13158
680
5400
7024
8537
10701
11425
7102
3688
193
12630
287
14969
121
13514
14973
9194
11463
11646
1206
3973
14793
2162
3483
12221
12106
10707
10653
12509
11277
9943
9286
8739
9343
12660
8004
5059
4022
11067
7447
1405
8387
9174
9224
5108
1895
5996
3071
3259
12701
7381
11413
7608
5146
8335
2580
690
3735
6732
3185
12364
6224
7254
13684
11216
10282
4138
13791
3246
9775
10401
3752
7830
6964
13141
8759
12336
8253
3693
6860
1290
9771
1033
536
13455
1964
379
6055
5793
7325
6402
9758
10891
4105
5558
9127
3670
7321
7321
282
10351
12362
14796
1566
5583
5982
12246
7292
4645
5179
10306
10660
12422
5476
246
7333
13487
7061
1699
5755
4420
9562
1719
9874
1113
12520
4654
2166
8525
5842
4765
12367
5151
7274
1228
4604
8742
14229
5314
13655
11570
10366
247
3025
7223
4620
12543
5834
3885
1838
5860
4337
79
2510
12504
7634
8251
8874
3042
5581
1367
2525
13923
5793
13211
2970
5795
6012
883
10758
10988
776
2637
421
6134
7396
3609
3818
10969
11412
5918
9490
14388
1816
4154
3520
4806
11512
5246
10300
11958
11552
12790
5913
8961
9268
9201
791
2461
436
1154
11507
8156
8803
113
11232
3721
12030
12629
3768
5922
541
10819
934
2173
11063
10326
14770
6882
13710
9792
10014
13934
12746
8292
9779
5802
3196
14307
13303
5617
5647
13180
7870
11831
8135
8268
11617
8791
510
1443
2561
3311
11028
7414
8500
14331
13154
3416
9974
3866
5204
4391
8034
14573
10234
9461
14896
13027
4355
8583
4015
14884
14597
5370
3308
3522
10311
376
13152
7768
2688
9623
5601
8974
14417
7682
5182
2450
4066
13452
3819
9200
10241
6279
275
10558
11345
10719
4431
10170
3386
13269
5626
7757
5377
8635
3536
9248
6334
12267
8748
766
4368
5164
13558
8480
13053
11263
7107
10164
2540
4234
7291
2131
1949
12019
2595
1410
3722
951
12029
6384
6222
9886
8466
12325
12519
9286
5459
12048
9144
2220
1882
12405
13190
8207
7781
6447
13083
4504
11748
6293
10211
14321
10896
7550
1966
5978
13056
14540
5176
9330
14523
6598
6754
11306
7218
11166
4528
14891
678
1295
8449
1699
12136
3793
11824
10138
11016
13730
2071
14531
9618
4790
10818
1394
4534
4285
13833
10539
1570
12095
130
6880
13797
1073
10300
4360
14910
6312
4473
12094
4798
11670
3058
11747
6713
9212
575
6762
6080
6041
4149
13877
5424
11451
6137
292
9841
5163
4443
7769
2972
4228
12354
13724
11121
414
7930
1533
8458
8209
14507
5885
3973
10275
1561
11903
12437
12282
8249
950
11616
12407
2452
706
11170
9141
902
5990
3151
1804
12766
10124
5263
12144
671
14415
8970
4522
8950
14348
808
11172
6306
227
9295
10290
3508
5963
11693
3965
1269
6354
3249
8191
3094
11067
12373
14456
6940
9586
590
4695
10640
1731
10626
4099
8294
907
13426
4844
11096
2334
6442
12783
4986
10495
5106
10853
11831
10375
7855
1074
3809
789
2361
5704
4713
12704
5367
9423
9142
3190
11010
6449
10960
3946
5899
3468
12126
8577
2442
12030
10960
7580
12077
7284
11004
3206
12093
10003
4363
13092
11899
1971
889
6769
8827
313
5391
7040
13770
4739
10046
4086
6301
6209
7274
2227
13730
657
11544
14291
3419
6927
1694
734
11482
150
12497
6862
4684
3925
10179
732
1059
12581
13143
2576
5314
12111
8223
6180
4742
11512
8605
180
4139
6728
2942
12355
8578
62
7063
9207
1263
1612
12251
5754
11712
9386
12388
14616
2119
239
7790
9824
13810
7744
3402
14752
506
11194
5225
3796
7412
985
12067
14071
4635
11732
7016
288
13511
13579
8310
11294
10841
1560
11812
11702
290
13961
4524
14207
5354
14610
12919
4813
2359
3602
13625
5082
13837
7532
2702
409
5275
2219
14551
3703
3153
3310
1557
4004
7146
9332
10010
2644
742
13168
9120
2826
5906
9965
4742
2714
11288
1187
8038
11829
12534
12185
11632
7124
9175
7734
5529
14481
13036
13389
1088
11895
2087
5445
4571
8168
14920
6096
10291
14678
7351
8455
4083
7903
1974
13676
7089
10592
7927
11195
4032
5686
10618
11341
6116
5889
13334
4592
5649
8354
13063
12557
128
4939
4813
9846
8253
7580
7219
6046
1949
10185
1646
14776
8457
12332
4121
8816
8547
8500
13925
13007
7800
6876
9282
11897
9688
9734
14781
12544
8673
1220
2745
10722
4211
7833
13376
1045
8875
548
7141
9945
11031
8677
13976
2753
11733
1801
6515
3279
12611
8847
11180
7637
714
11946
13204
2203
5500
12310
13663
5911
14227
6115
11233
199
10445
3741
13836
9240
13503
3002
13193
8005
11981
224
3775
3996
9497
3783
14012
3280
11771
728
9136
11743
14420
1066
6452
4965
14795
11294
10849
3736
9395
5273
1771
11044
6245
6888
7823
12405
1523
12075
262
1124
12254
3678
14585
4497
892
12693
12730
6267
14005
10142
14823
12401
12625
3191
2407
12622
10537
13321
29
2852
6524
11535
11672
2967
6550
12003
11985
262
10103
10571
1893
5435
457
8769
3532
14903
704
3201
8110
1747
1477
14680
14515
11364
11176
5634
9475
4793
14165
1294
12135
2613
1439
5511
13887
12852
6959
9197
9470
7602
6990
1423
11648
14881
592
9127
5104
11818
4013
1376
9258
6731
14989
825
3465
7874
1486
14153
958
140
11236
11024
8105
12913
3546
1493
1181
13466
9533
2213
13093
4073
6693
12135
6537
7703
12985
13514
4494
11773
12874
14638
8390
10873
1619
14994
152
9953
13068
4811
7535
4986
8840
2094
13259
2934
12358
4397
13953
1424
13546
14649
10512
6602
1373
7190
4583
5828
2300
1067
14804
2386
258
4463
13703
3963
9185
14651
10458
13449
11251
5190
4514
10180
7237
11646
12185
14000
12104
1213
4317
5379
5282
11764
4026
3358
13191
2305
7316
638
14925
13434
2983
1256
9989
8565
5801
14044
9628
3905
9050
13991
573
2810
10101
10179
2808
4754
14479
14917
13520
4412
11961
6676
13136
1858
9140
10929
12400
8182
10734
13266
11561
13188
3081
10960
9349
13236
11972
133
6803
6211
8985
146
12054
289
14494
7678
1161
4753
6996
3325
485
9143
5565
6709
5596
9705
7945
10758
1503
6580
2086
2058
11124
7213
4858
10148
3950
13706
2080
10888
8921
14115
393
10684
3945
12570
10028
14710
4780
422
2467
5833
23
6581
6748
8595
3782
10909
9099
228
9898
1848
9913
7901
5349
14708
2728
2222
14720
13237
13370
13191
14163
2273
463
3620
9954
11435
8726
14914
6355
9136
3634
13846
1659
10754
2428
11747
7106
11771
3566
8544
9776
384
4785
8464
6540
7295
7826
14827
7495
11824
2045
13893
11208
10901
7012
13314
1930
151
8020
2183
13799
8206
7793
4514
7298
4469
7768
12109
2188
12741
429
7159
3477
9502
5358
4635
2416
7885
1095
6877
3548
4131
11019
12700
10851
1379
4482
1769
9969
1691
3011
953
14500
1993
13327
8795
209
13001
10044
486
9926
11053
13557
12990
5882
7845
8363
5667
8254
10761
9792
1832
3830
7880
8927
12693
9720
12305
11833
8048
7150
13110
7362
8488
2306
13280
5551
3003
10208
2306
8639
8326
11658
11718
1616
2623
6553
1884
11781
962
7004
6142
6694
11148
14385
10174
3344
2111
808
2079
6667
8696
8023
6005
909
1662
13997
4648
8579
11619
5688
117
6947
13759
8101
13756
14940
8475
6780
11688
12895
12990
11930
4750
10729
11990
13143
13672
2103
2481
651
7879
5074
1630
11336
12292
1809
5303
9385
7471
3734
6601
6100
992
10711
6548
2174
4054
6343
2062
4307
12844
5422
211
12814
645
1423
8604
10024
8842
2042
4377
9107
5792
10491
6891
2844
13510
8926
2945
5202
7519
6656
13067
14165
14732
7991
12792
10767
136
12052
11193
3643
9313
3543
13965
7425
12852
2018
5576
17
768
6647
4305
9404
14342
13076
10451
3388
734
10046
10725
3253
3663
12805
9857
11326
9793
3447
610
14957
7854
4510
5091
6601
1229
10583
14196
7283
14793
10705
2328
7385
10247
10526
7578
13593
759
4622
2586
9712
6679
6594
6293
4465
4897
10709
4714
3775
5964
10550
7965
5686
11980
9777
12144
566
12823
81
10317
4688
12454
4431
14236
10293
14711
14108
4748
10893
7374
10145
8734
13197
7221
8880
1550
6076
7359
11515
648
9286
8234
2550
4132
4
10631
11769
11799
12882
12454
762
8878
4273
3481
5440
11350
13799
2347
6154
9004
5105
7823
10263
8139
5513
1772
6364
8192
9759
5846
11586
213
14337
3207
4671
13307
949
4001
4689
6529
3712
6815
6806
11254
5869
8420
10266
5823
11576
10344
4719
11659
11546
7544
2834
1501
1909
10696
12043
12673
9379
11666
13268
10520
7888
14376
7867
1072
6964
9268
9781
7362
11771
10441
363
12817
9213
905
3762
6302
12421
2078
6482
10114
12060
6482
8060
5210
11844
10035
6704
307
3391
14674
3645
6962
8567
592
13566
4502
10796
9686
11512
4112
3435
5899
8
2960
5745
6933
5088
5615
95
8904
2705
2302
1134
8082
7814
11795
4361
5325
5305
12912
8904
4344
2065
7911
6202
2724
10293
2185
6325
10658
10109
13134
4566
7410
9690
10618
274
3632
11706
4110
6304
10837
2830
5327
4970
2225
11468
12998
5189
8623
5598
7133
8891
13413
2362
12269
14815
5227
7615
7161
14769
11765
12299
14117
13545
10682
7468
9406
11763
11724
4265
8616
7332
12074
13746
2195
10568
9115
2248
3035
8090
2703
8950
13687
13609
13040
6831
12901
13038
8704
2680
3495
2268
7615
7383
8753
7685
3029
14894
11561
3387
10871
371
7356
796
12869
10423
3408
14768
44
6800
14503
71
12526
824
9396
9504
11502
6179
1080
2427
5876
12123
13103
1522
938
1175
5455
9977
1956
8880
366
6323
13496
7400
4414
9591
6288
3487
4898
3121
8776
9267
13481
234
13563
8550
7524
7592
1041
5311
13087
7288
8953
6987
9101
8078
13620
5759
818
409
3442
14383
2872
14009
12994
9685
2047
7284
14872
2921
9421
12016
10251
10497
8408
9118
9973
9869
13968
4048
5061
6009
9897
13264
14622
14556
12561
9857
9570
288
4734
14346
10414
9483
13678
2618
14367
8716
12655
4825
11426
6597
6765
172
10615
1454
3985
6207
13321
4451
6714
10119
14713
5168
5658
14649
13324
5561
10419
3051
8349
446
12147
7865
9284
7571
8809
14643
14624
12126
12961
1490
13180
13312
11001
6617
14711
9000
12736
11822
5049
2673
13207
2138
552
13711
11632
7299
2347
8900
2938
11659
9066
385
13219
9524
9842
473
6435
14758
13639
1187
145
14744
11755
13168
12235
3497
11134
14330
2599
8682
7399
13142
11135
12818
12509
3127
10938
1215
4813
13706
1844
4565
8663
7229
6279
3159
5008
6380
8122
8114
11867
4483
14251
1127
13302
8608
12057
8777
12763
12329
10007
4096
11937
3127
6350
10762
5450
9843
114
13812
7214
940
10175
5160
3418
9529
11868
4604
6443
13689
1318
11593
124
14587
3536
13133
2917
13227
8342
7064
8457
4929
894
14111
186
10522
14090
8667
10836
9547
3262
1533
12588
5920
440
2802
11824
5844
12633
7107
6609
9400
3154
8961
12356
2155
6608
2213
13252
101
6680
1916
9992
4855
7416
5578
4767
11392
2006
5288
4862
5087
5587
8042
762
13079
14932
9057
1679
2124
10488
13123
4361
5669
2539
14522
14928
14948
11239
1374
8297
7378
8205
12923
10877
7247
3847
12391
431
6860
10204
12513
12225
3279
11
2985
14665
8699
8954
8346
264
6181
12246
14197
11413
1911
10227
1206
8277
13469
1095
7886
4012
13625
3686
14205
8858
11221
1768
6118
8790
10309
10491
13241
5139
3888
11990
4208
3766
13658
711
9360
2764
4730
2396
9012
12705
2906
3738
14477
5184
448
9183
2143
7698
450
5419
8565
9250
13814
9545
6880
8810
11111
5991
9548
13101
4212
7850
11440
14741
7917
12744
10449
8708
14246
6326
6275
9473
1026
4638
9
9715
4914
10258
12918
12658
10555
14547
14834
6607
12888
3026
2618
10350
13323
5827
8134
12369
1271
4396
5560
11747
3126
10287
1474
14046
10856
3044
11830
2930
4521
6111
5385
8466
9591
37
6558
13126
1862
23
1031
13750
670
8646
11306
3359
5312
11400
4771
2359
1532
11787
2719
12475
9525
13130
13048
14980
817
13768
14715
1842
14522
3585
7211
3077
3027
11193
10003
5690
6883
12545
3444
13011
4865
5681
502
6410
9663
5802
11849
10859
4828
824
5314
7317
4017
5448
13695
11939
13707
13788
4503
7275
11997
3924
13182
14737
3438
8119
2292
13840
5268
912
40
5628
9698
5901
9706
12324
64
13601
11378
1677
9019
2367
689
8016
14599
12442
1940
13419
8423
4625
5604
11088
7806
7385
4273
8942
3041
7078
3923
206
6148
8995
7360
8956
4387
9490
10244
7583
6824
10663
4548
12832
7837
1217
8606
3198
9636
1885
1332
5862
12587
14164
9500
13220
10996
10923
7189
13591
1967
5264
4441
3727
13806
6519
3730
7058
5739
1197
6508
8371
5460
2006
13970
9272
4914
1809
12515
8326
9116
14970
13289
2149
7876
1971
10155
13436
1416
13665
14107
7510
9804
14801
3993
13549
7407
8683
6366
807
13422
495
14348
14399
10154
13062
1982
13101
663
8271
5070
14883
10911
3211
450
9863
10833
4220
8186
11231
6222
12884
1423
10470
12879
2725
4597
4254
12209
1530
250
14953
12103
3787
7318
8968
11181
14582
2083
7604
11248
8650
8751
13839
6654
7039
13680
3932
3830
881
9413
950
8192
474
12983
14541
7608
6059
3340
10411
2795
1761
7486
3274
14189
12972
6109
10919
11020
2627
10102
2880
14633
2200
8391
1333
8125
10995
5977
14567
13697
2929
5830
10943
11837
9647
656
7418
7740
9018
4871
3277
14350
2618
11562
11407
13944
12675
6554
6944
11377
12946
1693
1402
10415
4862
8180
2286
2256
2257
9391
16
4690
14960
11212
14796
9715
11964
12995
7593
14726
9969
6811
209
4907
1941
1722
13084
3414
13681
12032
7193
8604
2649
14459
4548
8157
3100
1596
14918
8851
957
5473
11393
10095
3720
4051
12789
14943
7402
2290
2222
7329
10115
5769
11063
649
139
4483
13629
2029
3630
1656
1685
5550
4138
11816
1695
1875
12568
6386
1743
4980
14376
3293
5667
2567
12568
3604
436
5781
8888
9902
2312
3178
11988
9056
8514
14532
11162
9394
13710
9510
9647
10375
13106
7328
8370
4559
6350
7
6137
6408
9496
5487
1974
12052
7380
8215
6884
3887
9346
12598
8698
4967
11908
10389
3795
5232
10666
7729
7448
6089
1649
1730
1626
249
7905
1451
8480
2775
12608
11883
12557
4643
11881
1751
718
10916
3095
10929
8588
13799
9769
11847
11460
8234
7075
12298
10486
11451
212
7308
9311
10883
9116
2179
2980
8057
9355
11620
13590
10381
1541
5241
8104
11527
13638
5676
13060
14298
12104
6952
4104
1716
8767
8135
10602
3290
6332
1539
14741
13441
7260
7003
6436
8913
4426
4999
8915
2976
8278
9278
9403
14830
11280
7790
12528
2220
8529
14847
6564
9646
12772
10609
4708
6656
11470
7027
340
3226
14612
7180
6788
6960
6519
9898
11587
860
9737
12940
2402
797
11869
404
4645
237
4803
11730
3834
12557
2841
10121
6423
8926
1934
5365
4742
8075
10180
4176
6540
5898
4653
2556
1097
4111
8044
469
3507
12463
12085
12599
14634
2757
13137
449
6170
10391
9066
4053
4081
13686
9748
12226
14155
1763
1254
1842
4559
6259
6028
577
3730
738
7355
11434
13561
2941
5585
10480
3879
13590
8481
2724
8430
12738
14277
2855
701
1338
430
4889
11708
4915
5757
2473
8749
9338
10592
11013
3613
7329
1940
2410
13743
3661
14045
3788
3913
659
7363
9748
14242
10036
14940
1255
8436
14310
6757
2185
607
11440
9273
11343
4016
13219
7003
9742
8049
13235
10165
10238
3059
3464
8304
9037
14933
5861
7711
2322
4333
7148
12749
13141
14163
3246
7107
2119
8749
6790
12150
3097
2877
9591
6876
7287
12239
101
5973
3449
6297
12736
6781
6968
2708
2985
1972
14405
3893
11252
298
14522
4186
3275
9552
5645
14709
3596
4827
6092
1721
5908
5679
14161
737
3821
859
5627
6692
7633
13318
7835
2012
13791
3826
1615
12505
4855
93
13537
6012
6883
930
14643
4132
14382
14997
8195
14951
4295
14660
1003
104
1185
13588
2829
10417
11795
10012
14047
4431
4230
10538
14899
5926
12528
4339
10645
14771
9829
9061
3441
13533
1174
13198
1826
14481
13872
5375
11350
7405
8085
3469
3552
8816
8868
12285
13903
11467
10641
1446
9499
12319
10573
716
10742
13511
2415
3539
411
14700
11198
4875
8410
10277
10617
2935
13004
14677
2080
8882
7240
7251
13414
11766
14958
9938
9118
12927
2881
12968
8608
2214
61
8606
13961
1277
1720
10103
14899
9507
12105
14603
212
8533
7791
740
8396
14126
10496
1000
12409
7806
13229
2175
5997
43
8712
3971
604
8421
13953
4090
2630
1979
788
7185
10206
13771
11209
11481
13673
14139
11616
10612
1577
556
2378
10097
11474
4378
8418
13204
14442
12903
1642
960
13674
9983
13546
9708
10721
12445
10216
12841
9030
5468
10863
2484
3198
1286
6423
12576
13226
4486
10516
11343
13101
7032
1131
5848
5451
13416
14880
12732
4908
6225
1586
6737
13655
6927
7964
5453
3002
886
10110
9050
4120
9568
13563
5723
3306
7334
9075
3777
14330
11804
3404
7963
6762
5431
8497
214
14528
14290
14422
3813
14121
13078
13646
1166
126
6300
9003
5744
14368
3620
2664
10800
7502
11962
101
2814
3969
10584
3965
8032
13105
11800
9191
3533
5121
6101
11702
4071
14138
12354
8064
2317
14657
8154
13770
7405
13243
5820
7643
11266
14632
2362
3010
3359
4793
10319
13882
8870
376
3156
5155
10664
6928
1969
12778
14202
11232
1102
13449
9708
12988
2723
9639
4647
9154
14781
10328
10199
9015
5442
4923
2604
7373
10266
14629
236
14319
14626
12246
4086
12313
3597
621
9413
1379
12516
10934
5680
1818
6954
14185
7893
1027
10428
450
9498
10153
8355
243
6382
4907
8403
13849
2281
1917
1303
3549
5366
10686
9873
7839
8361
13025
12529
6953
5071
7303
4080
14469
13603
6597
10871
10110
9089
2208
10113
5984
6746
14883
262
1483
13151
7599
12342
6377
13817
3860
13630
5310
8385
319
5021
2398
6388
14374
9482
10635
8425
8886
119
5083
12897
119
5208
9635
7841
12764
1201
2095
4407
13028
5403
8182
9555
2740
5785
8663
2926
14632
11596
5797
8819
10492
8337
1494
6395
11021
3965
1967
13940
1622
2760
11067
13324
8284
3579
8393
4641
13363
1609
5023
7084
2639
394
12345
2189
5285
13048
2302
2806
10401
9955
6132
6930
885
10383
6424
1587
10988
2401
14755
14832
83
11687
8803
2438
13758
1572
9135
13048
3322
14740
12580
426
28
8821
11828
4167
11717
14137
9828
7635
12046
9904
4079
10518
7843
8841
4039
11954
3734
2210
14589
7358
1727
4624
1475
457
5272
6884
13251
7533
10599
9818
4570
3843
12028
601
5927
11922
7107
8695
9757
1164
3772
449
6355
8908
10863
12031
5296
8630
12681
7400
6178
4513
3396
5281
10555
12054
4152
2487
5313
102
7502
14419
8003
11710
10728
4538
486
532
10151
2933
14348
739
1052
10631
12112
7913
4677
8075
471
2952
7155
5596
4955
1305
3668
5034
1822
13903
14101
6822
9271
2963
7223
10221
13985
3409
13187
3864
7167
5892
14982
7176
11618
10321
4897
1254
3758
669
7218
12795
6391
8997
8164
12646
7159
2846
11085
10302
3351
12409
1458
1311
4401
3418
12985
5954
10312
5691
3604
7444
782
13337
3500
7563
5722
10122
7835
1205
8450
7279
7515
2063
12632
7693
11630
14540
14991
7193
4023
12782
12333
8434
11970
13357
13733
13156
4711
12687
10169
7607
12190
6910
8931
10753
11015
9863
14759
13648
4952
4757
2148
1513
2001
2545
9003
9429
4942
13442
6599
7858
1332
9720
5223
1409
7158
7278
5097
12444
12554
1114
9365
9693
3081
6216
13455
6912
13843
5094
891
14044
2179
5357
5716
364
10807
10852
6316
7934
3667
12157
14774
6123
3196
6198
4122
317
9384
6238
1049
12459
10890
4201
14401
11465
11148
5980
13684
2647
7923
14929
14205
6799
1304
6899
13156
12175
9375
13082
9254
2942
6810
5844
9688
6440
3290
14348
4691
2263
13835
11367
3520
2896
6072
12182
5745
11800
1141
9021
8314
11261
10290
13323
6433
319
3011
8249
1135
4178
4622
1574
3430
10240
4932
2670
2153
13518
144
4756
979
7903
2964
11581
11721
12005
1008
11413
14996
14518
11134
12363
5888
5650
3001
2091
8890
13952
12338
8480
13421
10363
6401
8411
5934
10998
10109
1090
6030
2177
11286
6342
1146
6674
4430
2728
1966
7271
2455
5743
13416
3781
9025
10143
543
1012
12010
5845
11249
13171
9955
779
12761
13335
538
6668
12893
7549
14952
6621
11690
7272
12671
6338
13677
13528
3111
9214
5678
4594
12783
8294
14880
2601
6846
10544
12324
158
6459
8161
7362
10231
13460
12424
14330
2285
12180
2807
2447
9269
12046
12882
704
4753
6532
13778
7995
7102
6540
9437
634
13856
3066
14432
12608
5328
8529
10620
9452
8223
1971
5530
13483
11045
5585
186
13901
5294
6219
13283
78
13953
7277
9979
22
10078
9694
3306
9650
2235
11282
9319
5079
8537
4370
1151
2120
13134
5877
9607
6357
14991
8710
9716
11382
23
11569
2969
14056
3485
1085
6779
5291
10994
8873
9802
5214
7740
8242
8283
12231
12169
3917
10515
13871
8867
13585
10385
14331
10421
995
1020
2623
6815
13944
12999
10570
2485
8759
5264
7955
13222
12882
13121
2098
9386
9903
5657
8858
10094
989
5271
10322
11096
1774
631
1597
4566
4356
11794
11618
14249
10707
6194
3298
1161
3056
359
14132
7993
3818
14874
6614
11132
12111
5422
2096
3804
11830
10042
11773
13050
9236
4222
11723
961
11831
13397
2789
683
1808
3661
8599
8696
13155
3951
14689
8039
882
6283
14640
846
8721
6295
6614
12571
13860
3533
13832
1889
1461
4446
10456
4837
11278
421
10695
6240
2060
6521
7885
4950
3635
14668
9576
7380
622
2134
7297
3921
12531
719
4027
12147
13833
199
10437
322
13362
2301
152
13070
10235
2970
230
11445
2435
1796
9999
14785
14146
12777
400
14275
5649
14253
5276
12683
4804
7671
2945
7242
9586
4420
3116
3803
8262
13456
13165
13256
14306
8856
7296
8625
6977
6972
8859
14205
2340
2457
7470
4175
3883
6080
7787
6160
7305
5803
7134
6898
5028
14696
10160
14647
7573
10050
8354
4729
3021
11713
5742
5710
13085
6321
2949
9779
2681
12381
9578
3454
12476
4318
726
14698
14134
11260
13134
13015
4248
10124
9277
9891
6015
2646
8288
10265
2865
13395
5867
8677
11015
5811
6791
10997
2073
1170
8445
2585
13721
12427
6090
4614
14774
2873
8274
6046
5938
5329
10480
12440
11362
3376
12956
9096
4457
4800
831
13522
11289
1194
13212
4839
3469
11981
10056
10994
11910
6319
639
4441
9287
349
5615
14684
1311
4073
7379
8454
8061
3900
997
4526
3614
5827
4718
3503
9697
107
13096
12804
1042
4429
9974
5668
554
7870
12779
11636
3774
6601
10651
13678
7877
7936
1967
2228
3029
12027
4723
10498
13503
9941
7704
13358
9057
6548
6946
11258
7379
1029
12781
3688
8140
3636
8450
285
1078
5732
5669
3805
1577
6217
10424
385
1260
760
6627
14324
9681
709
7118
204
1836
8490
8726
4549
3421
5812
4055
5777
788
5446
3689
2315
5134
9705
12466
301
3790
14133
6744
11569
4298
9588
6144
6891
2005
11612
5894
6957
11528
2080
7736
7505
11831
5303
1865
2910
1616
3813
13450
4297
7837
2825
3653
13184
2780
8462
11029
8823
6963
8831
12089
8822
11507
13619
14851
4474
7671
9525
4606
10244
14830
11011
5424
73
2611
10827
12788
10110
1816
9844
14337
9941
514
14314
13104
7631
11326
14891
10537
3403
3992
12643
2654
7768
1908
4728
13534
14264
11171
5368
2326
11192
9300
395
9568
8892
7317
4007
6834
7511
10371
3767
10740
4393
9723
6991
14657
2685
2500
14440
2811
1339
10394
5224
5722
7172
13120
11427
13368
8946
12926
1317
6508
10085
8107
13434
1784
3567
1544
7143
10592
7885
5710
6220
14794
4891
14970
2476
5929
1861
9857
2073
9234
4503
9710
10115
13861
11087
10405
4012
2121
6152
7779
7477
9845
7041
2683
10235
14557
7894
7639
14701
300
8353
12705
866
674
497
11676
13892
9205
10526
11645
9503
9308
12107
4430
6487
3712
11958
11647
10381
4540
13287
11099
4160
213
6726
10046
11037
2420
13832
9548
11114
8533
3963
12750
2765
6065
9477
7712
14725
12189
4364
1802
12043
4705
4246
14231
7195
1288
5090
10280
6310
14719
2976
13320
10554
497
9319
8188
4589
4608
12294
8029
12694
11720
8473
12512
3935
7007
11883
13874
9576
13299
6691
2698
12100
13803
12501
9205
2240
10026
14649
3317
6738
9669
9375
9656
6228
12740
8266
12380
12820
2551
13021
13143
6796
2576
14077
14981
2611
891
10552
10740
5900
12310
4102
3914
2713
225
10903
4702
6587
108
124
3391
2090
1137
11827
8374
7626
7764
4141
3585
2847
11858
12826
208
9649
5288
8909
13946
2023
7542
11837
7633
9014
1523
13751
5903
10091
6210
10567
13535
7648
10522
2510
4078
13668
8897
12450
13259
1444
6407
14290
1356
10510
11450
9908
2385
6049
874
681
4245
10216
14708
2823
10278
12890
11088
8313
4190
5799
7633
14831
11462
10991
6740
2432
10893
1232
11405
6896
13893
707
1603
14871
11253
8560
6622
2118
5051
11224
2843
10221
937
9515
9773
4986
1671
520
242
2838
4052
14647
13341
5882
2617
3177
10725
8753
6170
8795
10124
11305
9734
8763
10510
9581
8450
9001
673
7888
14456
6971
4732
4492
8318
14946
13358
9123
2412
14198
6002
4011
5045
12674
1944
6124
12434
7842
678
4418
5228
13909
8975
12489
11634
11712
14572
7521
10352
688
5010
8106
7265
10301
11056
9724
13307
8002
777
8590
6462
10947
13195
2173
12443
3627
10695
997
4695
14420
948
6290
3451
12576
1628
1118
2816
7923
9389
2331
4797
9478
2495
583
2583
500
12528
2134
5227
14782
9642
14174
2493
9834
14771
8610
7224
972
13285
6696
10034
5985
8235
3214
6832
12663
13475
13976
8766
3321
3157
2358
7516
12818
10382
3592
9954
7378
3598
13077
11699
6474
12657
8747
10850
12008
7861
9195
12486
12200
473
3036
14185
5886
2536
3367
13933
2977
137
5499
6471
2390
2232
6963
13616
8821
13423
7782
14493
1293
1502
12753
2135
121
10319
10149
7342
10677
14756
7061
9238
1128
9843
8306
14002
7170
3022
13073
537
5617
3395
11402
10399
10685
5698
6192
12363
10465
14175
2971
9180
10056
10907
2085
12550
2384
14882
13920
1744
12684
2059
5231
11104
4544
13195
1950
6742
12147
6524
1891
13880
7311
10207
13283
4212
12804
199
7497
8962
7349
3564
1722
13579
2539
10098
8807
5793
1195
1200
8576
5397
3470
12419
9975
7594
8321
13646
2235
4840
5422
9502
10732
12113
984
10701
7807
4154
1587
4284
14994
7798
468
8812
9329
5337
7721
4670
10393
3571
9889
5112
3155
14963
5955
8814
444
10807
338
3458
414
6515
4386
2695
10088
9828
14443
11964
3919
3507
4738
2633
2405
13945
3978
4431
14651
1599
13595
6521
5877
9593
20
14128
942
5840
11893
8506
3708
13642
14532
10716
4305
6051
4907
8769
11305
8723
1170
9304
1615
3143
11488
13269
3929
14594
4339
8749
4174
5365
14364
6151
911
725
11988
13644
3399
7206
2425
13303
14682
8218
4519
4083
8622
11885
41
9428
1222
8117
11056
12456
3467
9607
4474
11885
13716
10929
6111
5471
13668
1666
10648
13676
4692
14718
6568
11082
2198
5066
6076
6587
2727
8104
4208
2971
5054
2546
12683
14019
7580
1041
4494
1491
374
9080
13848
895
1630
4338
261
3967
8261
10477
12934
2765
10728
161
7248
6064
6400
14786
8862
4182
4912
6302
3509
8493
1275
6005
12361
9375
1897
12353
817
11030
3186
8026
12372
3475
13965
9073
14214
10990
1073
1554
1169
12844
6053
8400
4355
12082
2741
9182
3436
12650
8425
1937
1268
11492
12114
1741
8851
11530
11705
13960
13645
7730
4258
3660
13045
7490
2595
14418
10281
11692
6734
9433
1961
14989
1685
12693
4312
2119
3690
11236
11862
4558
9043
5707
11280
12241
12891
8201
13277
9143
3528
3473
4061
494
9628
4034
6755
12037
7586
1039
3105
382
1306
14794
7942
12721
14671
507
651
3965
2638
13057
7887
5642
1318
1398
11435
14952
14841
12509
11591
7530
9056
1677
1369
8555
7385
10809
8327
12003
8481
9178
8580
3949
1509
12355
11999
10769
3646
2298
9244
454
6401
3396
5916
9184
12481
584
6162
237
14596
14750
9996
14483
3521
6372
14617
2761
4623
5473
692
1012
754
14900
280
13093
6384
12956
12085
7125
1352
9639
415
14836
4331
9091
6079
1936
9763
10320
9798
12566
7195
2798
14194
13799
9213
6772
2482
4894
11118
214
13087
428
6603
7775
10585
11792
3004
3527
12557
764
11917
5038
9030
4282
5573
4120
391
2589
5771
4099
13307
9787
14412
5644
3965
13730
8409
14497
8548
5824
8538
4113
5455
6390
12594
1079
10894
8095
10047
11392
9919
1277
689
5353
7441
9532
11030
14205
5088
12257
2987
3379
52
12670
10227
10930
14809
14834
2248
7865
9827
5535
14465
3905
9396
12485
6666
196
11652
8947
1716
5549
10147
10259
12642
12290
10611
7174
13150
7314
6007
9226
8104
10874
3263
3120
2530
10691
6538
11660
2787
6045
3135
9351
9787
4065
7166
9133
6058
4331
6442
12133
13959
5174
2019
12139
8418
6348
4018
1464
1813
13832
6634
3894
9832
7303
2731
14289
3549
9911
12996
2141
63
5032
9532
2858
10646
6199
828
7536
2151
127
13213
3695
3317
485
5226
91
4820
7178
14249
978
9745
7506
1111
3065
14001
969
6470
2170
10979
7809
1804
2898
12948
11875
354
5946
11581
1819
12581
1311
14623
251
1969
8418
10523
9484
8754
7057
14324
11910
5533
14735
8545
2731
4362
9186
13860
79
5704
6594
5324
10835
3591
2197
9442
6339
13420
679
7450
5965
8372
2078
347
13066
2587
6911
5282
11771
10283
13723
10342
11179
5542
10298
8282
14845
1219
13437
2428
109
10525
13228
14936
5786
6889
5281
6861
7900
12273
3226
8987
6725
4756
10810
11402
7973
10451
11929
7516
7365
6044
11442
262
12926
13378
7293
14472
6709
13079
3893
9739
2942
4628
2824
11550
3700
2135
2464
4071
13894
4727
14752
9751
1262
2393
11951
1
12939
11319
12089
7838
687
1044
6117
6974
7171
11672
9310
484
12244
789
4453
11621
13432
3800
2762
7238
3193
10945
1345
8359
5804
2747
10378
6677
13326
3911
3113
7689
1130
12579
1295
14063
14305
753
5720
9935
11769
8114
14440
10513
14954
2207
11424
26
5924
12434
7340
2225
5421
14342
12751
9838
1425
6271
1173
1346
8470
12468
4558
7899
12484
8128
140
435
14942
6272
7784
5510
8851
5267
12394
1438
3876
11782
9231
5922
10609
10768
12807
9077
5934
3233
6247
1652
5177
141
14139
2580
8369
2019
1108
1567
284
11365
5069
4406
14217
7550
4625
9824
8175
8769
4415
12352
14238
9232
12130
10428
10203
7417
5717
5116
2729
3007
9678
14155
5152
14869
14142
11322
4421
3104
2234
2963
11041
5
10989
8922
2799
10779
5545
14859
13485
9692
10126
10641
2850
3053
95
113
349
8932
13314
7378
2
9567
10313
7938
10751
2967
3165
7992
578
7700
8929
14581
7028
2643
12681
14159
8479
12471
9037
10260
3088
7099
14222
7930
445
9147
9824
2563
7216
13768
9128
11306
14048
12431
13438
14103
14950
12087
11828
4102
2072
3785
6574
1597
9597
8381
11505
10834
1487
8925
12244
14692
10700
12264
10492
7086
6637
11256
242
2548
10545
9614
6739
3951
2860
12138
8504
2425
13143
2027
6638
13140
11769
12605
12013
14396
4064
7464
11226
9524
11339
13708
5544
1379
7911
6859
10693
5163
1599
1469
7981
1987
2942
9857
7284
3443
6682
9701
6760
1380
166
8906
5580
5953
11743
9095
10371
11553
11156
3391
8386
6851
7737
1225
11090
7340
12245
13510
1681
11412
9157
5182
6054
6218
9607
7499
10343
10904
6343
2801
5910
14906
10571
4465
847
3384
3888
12526
987
8498
2514
8289
3818
3548
6548
12404
2911
1185
2410
8673
4097
8537
13354
14513
3528
13476
2550
5011
12333
1610
4152
50
9134
8091
304
1323
11350
8743
10079
12012
14242
9303
5126
10521
5515
3902
2267
8675
4062
13596
4855
10491
1176
5961
10876
3527
1068
4952
10699
7295
9128
8057
3142
6369
6586
4467
8645
14239
11909
14850
11055
14775
4579
906
3374
8670
473
863
6358
4290
3262
2086
11334
3361
2068
5027
11456
11290
10098
2157
1637
4814
7444
7320
11225
9072
6355
7996
13827
2834
8455
338
3560
14640
13250
7059
5675
1538
4087
5372
9200
11327
7255
2571
6102
4413
6639
3678
949
973
6466
1194
2077
6278
2379
1162
7850
14380
9958
1425
1418
8173
11239
10515
6963
10103
7300
5410
3656
6976
11868
4850
6472
11243
7265
14818
3712
3267
11960
1492
14312
4815
11133
13799
6904
3759
10230
711
3206
932
8529
12802
5698
7161
1169
3527
6174
5746
5482
1874
2071
3359
6468
3772
12217
4200
675
442
3295
13392
5810
4203
11857
6563
6620
12507
12758
4424
891
2158
11361
10915
11792
7266
10910
12946
10729
5576
6892
10674
13561
10189
14155
8033
5878
14371
1449
12189
10079
13208
6907
4635
9781
13533
9826
10694
12149
10610
12599
8436
1428
12140
7844
8101
2034
4194
813
10232
12106
7689
3956
4055
11340
7133
13229
2919
9945
6373
11561
13400
14577
2307
5121
6087
1522
708
14858
11598
7890
11846
5431
3955
9729
13858
188
8428
2935
4258
13462
6537
1644
7291
8038
14830
5832
2564
11925
13507
6659
7728
12639
4182
5108
2784
8989
12403
10582
10317
8486
3302
10653
11015
5685
5152
8621
13588
4945
13223
3022
13636
3398
6850
5479
12615
12458
10579
481
1849
9378
4651
11882
8445
2319
8089
7543
6455
7591
9061
14969
12833
4586
12353
4621
408
5016
13205
12881
4837
2955
3025
9094
13787
7852
5076
13357
9811
411
1162
6771
2043
2785
14969
249
8077
3611
12109
8920
1412
11106
13659
781
1630
3315
9405
14918
3556
851
6973
9304
2799
5002
861
5205
3522
7675
7759
14196
14596
642
12354
7673
13038
11266
2249
6770
3780
6169
298
6471
5917
4773
9517
7688
4999
9725
4289
13209
4776
4977
11651
13926
9242
13136
6604
9050
2401
3227
11530
11473
14621
5150
5483
12371
13168
3287
6208
11824
9627
7760
7180
10771
13309
5262
14179
12219
11794
4637
4419
7886
951
11348
8966
8939
14453
14518
5806
3140
14597
476
4333
11340
12507
8976
13803
6996
9699
7642
8244
10494
9544
7973
7704
2486
320
1227
14778
2962
10738
14588
4257
1382
8183
670
6448
2818
3087
9230
11289
14225
4635
